0.00000000	1.00000000
0.00024414	0.95852655
0.00048828	0.93571579
0.00073242	0.94688571
0.00097656	0.94636041
0.00122070	0.97054998
0.00146484	0.92717295
0.00170898	0.96645271
0.00195312	0.96217957
0.00219727	0.95010054
0.00244141	0.96862874
0.00268555	0.99019247
0.00292969	0.94334679
0.00317383	0.96278300
0.00341797	0.91721431
0.00366211	0.88308555
0.00390625	0.86387016
0.00415039	0.83894071
0.00439453	0.80598350
0.00463867	0.79191072
0.00488281	0.87295874
0.00512695	0.82110735
0.00537109	0.78491549
0.00561523	0.78454562
0.00585938	0.77873120
0.00610352	0.76723732
0.00634766	0.76863342
0.00659180	0.81548771
0.00683594	0.75582609
0.00708008	0.74677535
0.00732422	0.76575232
0.00756836	0.77127993
0.00781250	0.79886738
0.00805664	0.74127937
0.00830078	0.74733176
0.00854492	0.75428357
0.00878906	0.75216253
0.00903320	0.76675620
0.00927734	0.70903395
0.00952148	0.71918249
0.00976562	0.69088647
0.01000977	0.65178036
0.01025391	0.62285728
0.01049805	0.59652283
0.01074219	0.59774380
0.01098633	0.55771604
0.01123047	0.52037056
0.01147461	0.50754610
0.01171875	0.48502328
0.01196289	0.47484413
0.01220703	0.48578386
0.01245117	0.48107309
0.01269531	0.54850384
0.01293945	0.53840984
0.01318359	0.52946063
0.01342773	0.52289685
0.01367188	0.45896432
0.01391602	0.51429099
0.01416016	0.51442422
0.01440430	0.43834882
0.01464844	0.40137256
0.01489258	0.34076889
0.01513672	0.34655168
0.01538086	0.35056660
0.01562500	0.34804361
0.01586914	0.36016622
0.01611328	0.41595992
0.01635742	0.42566728
0.01660156	0.40260195
0.01684570	0.45050739
0.01708984	0.50139784
0.01733398	0.48164326
0.01757812	0.46420114
0.01782227	0.42535416
0.01806641	0.44597595
0.01831055	0.42856597
0.01855469	0.45788339
0.01879883	0.45767326
0.01904297	0.44963896
0.01928711	0.47132529
0.01953125	0.51948887
0.01977539	0.52579539
0.02001953	0.50185413
0.02026367	0.50181614
0.02050781	0.52361841
0.02075195	0.52092159
0.02099609	0.53287213
0.02124023	0.48844633
0.02148438	0.48928161
0.02172852	0.45290433
0.02197266	0.50406264
0.02221680	0.51450601
0.02246094	0.52441526
0.02270508	0.57313178
0.02294922	0.57833284
0.02319336	0.52641003
0.02343750	0.54282756
0.02368164	0.51096457
0.02392578	0.51742577
0.02416992	0.50958007
0.02441406	0.47233331
0.02465820	0.43720967
0.02490234	0.41530371
0.02514648	0.44607751
0.02539062	0.43236369
0.02563477	0.40058364
0.02587891	0.39923655
0.02612305	0.42716098
0.02636719	0.41564934
0.02661133	0.40350954
0.02685547	0.41725575
0.02709961	0.44522868
0.02734375	0.44278060
0.02758789	0.44930099
0.02783203	0.42283058
0.02807617	0.42406691
0.02832031	0.41123496
0.02856445	0.34661830
0.02880859	0.32266980
0.02905273	0.34345621
0.02929688	0.28682800
0.02954102	0.29972018
0.02978516	0.32869761
0.03002930	0.35305576
0.03027344	0.35800260
0.03051758	0.36896412
0.03076172	0.38182975
0.03100586	0.34433026
0.03125000	0.34796289
0.03149414	0.32626982
0.03173828	0.27647307
0.03198242	0.27298106
0.03222656	0.22541300
0.03247070	0.19025299
0.03271484	0.15868671
0.03295898	0.12423974
0.03320312	0.15084166
0.03344727	0.17559551
0.03369141	0.20995094
0.03393555	0.23074253
0.03417969	0.18818347
0.03442383	0.18186377
0.03466797	0.19674502
0.03491211	0.20213277
0.03515625	0.17123106
0.03540039	0.15999271
0.03564453	0.12597994
0.03588867	0.18276541
0.03613281	0.21810434
0.03637695	0.23672699
0.03662109	0.18887268
0.03686523	0.15792311
0.03710938	0.16753264
0.03735352	0.17310324
0.03759766	0.18581084
0.03784180	0.21392432
0.03808594	0.17344644
0.03833008	0.17254710
0.03857422	0.15745050
0.03881836	0.15817213
0.03906250	0.16072004
0.03930664	0.11288573
0.03955078	0.13157998
0.03979492	0.11375485
0.04003906	0.13876902
0.04028320	0.14946962
0.04052734	0.12930919
0.04077148	0.14106131
0.04101562	0.13470677
0.04125977	0.12793435
0.04150391	0.10115699
0.04174805	0.16673827
0.04199219	0.17783022
0.04223633	0.14324790
0.04248047	0.17309879
0.04272461	0.20868730
0.04296875	0.17350906
0.04321289	0.20249090
0.04345703	0.14849946
0.04370117	0.17002509
0.04394531	0.18842414
0.04418945	0.20141513
0.04443359	0.22350071
0.04467773	0.23670595
0.04492188	0.27637822
0.04516602	0.31674499
0.04541016	0.26391395
0.04565430	0.26299093
0.04589844	0.30663102
0.04614258	0.31994714
0.04638672	0.28683492
0.04663086	0.30369085
0.04687500	0.31653927
0.04711914	0.25162087
0.04736328	0.22863608
0.04760742	0.22036190
0.04785156	0.19166366
0.04809570	0.25423512
0.04833984	0.24981848
0.04858398	0.23763626
0.04882812	0.20627994
0.04907227	0.17396595
0.04931641	0.15927722
0.04956055	0.17447796
0.04980469	0.19266307
0.05004883	0.14856029
0.05029297	0.12017663
0.05053711	0.06236261
0.05078125	0.09506674
0.05102539	0.11267545
0.05126953	0.07394290
0.05151367	0.06961984
0.05175781	0.04804782
0.05200195	0.03798862
0.05224609	0.02687185
0.05249023	0.02621543
0.05273438	-0.04268944
0.05297852	-0.04900369
0.05322266	-0.06326315
0.05346680	-0.07165850
0.05371094	-0.06649353
0.05395508	-0.07233831
0.05419922	-0.02353683
0.05444336	-0.04038005
0.05468750	-0.01556009
0.05493164	0.00796426
0.05517578	0.03243995
0.05541992	0.01639755
0.05566406	0.03191911
0.05590820	0.06210392
0.05615234	0.09406580
0.05639648	0.16449821
0.05664062	0.18280599
0.05688477	0.16146281
0.05712891	0.17141584
0.05737305	0.17475897
0.05761719	0.15968705
0.05786133	0.20899875
0.05810547	0.17316657
0.05834961	0.16349253
0.05859375	0.16252853
0.05883789	0.19606129
0.05908203	0.24399671
0.05932617	0.22341432
0.05957031	0.24362964
0.05981445	0.23111738
0.06005859	0.28030526
0.06030273	0.25759255
0.06054688	0.24332117
0.06079102	0.29791125
0.06103516	0.32781844
0.06127930	0.35384187
0.06152344	0.30604507
0.06176758	0.30655168
0.06201172	0.23805688
0.06225586	0.26774147
0.06250000	0.25015936
0.06274414	0.23605301
0.06298828	0.24191004
0.06323242	0.24386939
0.06347656	0.25130887
0.06372070	0.17459814
0.06396484	0.10848377
0.06420898	0.10650119
0.06445312	0.09889775
0.06469727	0.07379379
0.06494141	0.03463527
0.06518555	0.00469444
0.06542969	-0.00829904
0.06567383	-0.01120241
0.06591797	-0.06146591
0.06616211	-0.07142312
0.06640625	-0.04319752
0.06665039	-0.06604300
0.06689453	-0.06141570
0.06713867	-0.05063210
0.06738281	-0.09624328
0.06762695	-0.05276492
0.06787109	-0.03265367
0.06811523	0.03319007
0.06835938	0.01412150
0.06860352	0.02895103
0.06884766	0.04314877
0.06909180	0.05867819
0.06933594	0.02832882
0.06958008	-0.01498044
0.06982422	-0.00879313
0.07006836	0.00722773
0.07031250	0.03563370
0.07055664	0.07398793
0.07080078	0.09687588
0.07104492	0.10712119
0.07128906	0.10806126
0.07153320	0.05054215
0.07177734	0.05829835
0.07202148	0.00680420
0.07226562	0.01131228
0.07250977	-0.03120606
0.07275391	-0.05004131
0.07299805	-0.06509972
0.07324219	-0.04004165
0.07348633	-0.04170408
0.07373047	-0.06802620
0.07397461	-0.08472056
0.07421875	-0.03561213
0.07446289	0.02399551
0.07470703	-0.01626870
0.07495117	-0.01342532
0.07519531	-0.00603703
0.07543945	0.03014836
0.07568359	0.04043002
0.07592773	0.05253458
0.07617188	0.04795562
0.07641602	0.02014265
0.07666016	0.07549133
0.07690430	0.03558006
0.07714844	0.09372877
0.07739258	0.09438156
0.07763672	0.11649585
0.07788086	0.07878915
0.07812500	0.08189520
0.07836914	0.04765195
0.07861328	0.09662463
0.07885742	0.10220878
0.07910156	0.14560837
0.07934570	0.09976090
0.07958984	0.09851848
0.07983398	0.14670024
0.08007812	0.15263378
0.08032227	0.09043050
0.08056641	0.06879631
0.08081055	0.06862294
0.08105469	0.05241241
0.08129883	0.06750804
0.08154297	0.05909113
0.08178711	0.02608097
0.08203125	-0.01419030
0.08227539	0.01808805
0.08251953	-0.01102294
0.08276367	-0.02226382
0.08300781	-0.04279467
0.08325195	-0.00726706
0.08349609	-0.05556619
0.08374023	-0.01987546
0.08398438	-0.03589247
0.08422852	0.00643355
0.08447266	-0.02010299
0.08471680	0.00778660
0.08496094	-0.02684664
0.08520508	0.00494743
0.08544922	0.01110707
0.08569336	0.03864266
0.08593750	0.04549877
0.08618164	0.06231371
0.08642578	0.04043410
0.08666992	0.02328353
0.08691406	0.04765552
0.08715820	0.05802040
0.08740234	0.04986774
0.08764648	0.02949978
0.08789062	0.05246852
0.08813477	0.14925827
0.08837891	0.11625044
0.08862305	0.14860555
0.08886719	0.16384402
0.08911133	0.12237292
0.08935547	0.06636690
0.08959961	0.03614162
0.08984375	0.00692196
0.09008789	0.02283459
0.09033203	0.04676508
0.09057617	0.10613217
0.09082031	0.11409676
0.09106445	0.12385734
0.09130859	0.08905334
0.09155273	0.11219962
0.09179688	0.06313768
0.09204102	0.08048292
0.09228516	0.02819824
0.09252930	0.03963431
0.09277344	0.03569858
0.09301758	0.03256260
0.09326172	0.02879335
0.09350586	0.06522065
0.09375000	0.09543849
0.09399414	0.05993897
0.09423828	0.02615861
0.09448242	0.03486684
0.09472656	-0.01109382
0.09497070	0.00265453
0.09521484	-0.00374055
0.09545898	-0.01713604
0.09570312	-0.02037927
0.09594727	-0.03333633
0.09619141	-0.02981231
0.09643555	-0.04196075
0.09667969	-0.01185461
0.09692383	0.10013503
0.09716797	0.10373836
0.09741211	0.14830653
0.09765625	0.18938662
0.09790039	0.21909346
0.09814453	0.25781337
0.09838867	0.22622801
0.09863281	0.26446717
0.09887695	0.22793771
0.09912109	0.22709718
0.09936523	0.23365531
0.09960938	0.26465691
0.09985352	0.23401414
0.10009766	0.23758914
0.10034180	0.21555395
0.10058594	0.27446645
0.10083008	0.26716724
0.10107422	0.25611169
0.10131836	0.28041481
0.10156250	0.28076599
0.10180664	0.24849905
0.10205078	0.29278424
0.10229492	0.29018551
0.10253906	0.30217923
0.10278320	0.31230508
0.10302734	0.33720710
0.10327148	0.31821043
0.10351562	0.33118677
0.10375977	0.33065238
0.10400391	0.32348922
0.10424805	0.31557518
0.10449219	0.31182100
0.10473633	0.33606963
0.10498047	0.31357345
0.10522461	0.33108431
0.10546875	0.31029763
0.10571289	0.26467702
0.10595703	0.22200539
0.10620117	0.20755042
0.10644531	0.23294070
0.10668945	0.26850478
0.10693359	0.25448373
0.10717773	0.34084422
0.10742188	0.33483332
0.10766602	0.32362653
0.10791016	0.31342928
0.10815430	0.32250440
0.10839844	0.30350923
0.10864258	0.31479008
0.10888672	0.30018494
0.10913086	0.29531860
0.10937500	0.28335411
0.10961914	0.27620302
0.10986328	0.32718972
0.11010742	0.36705134
0.11035156	0.38483019
0.11059570	0.36304816
0.11083984	0.34601346
0.11108398	0.39189882
0.11132812	0.39915376
0.11157227	0.40366063
0.11181641	0.37971492
0.11206055	0.35761520
0.11230469	0.37570047
0.11254883	0.42553845
0.11279297	0.40410190
0.11303711	0.38313433
0.11328125	0.38122699
0.11352539	0.38255719
0.11376953	0.36535893
0.11401367	0.35428476
0.11425781	0.37460147
0.11450195	0.38237703
0.11474609	0.40956306
0.11499023	0.38353161
0.11523438	0.37746370
0.11547852	0.37462630
0.11572266	0.41766147
0.11596680	0.41110117
0.11621094	0.45154202
0.11645508	0.51032022
0.11669922	0.50897871
0.11694336	0.50225555
0.11718750	0.44336070
0.11743164	0.42749938
0.11767578	0.40553761
0.11791992	0.35997619
0.11816406	0.41353689
0.11840820	0.44866791
0.11865234	0.47754980
0.11889648	0.45904784
0.11914062	0.45663228
0.11938477	0.41449211
0.11962891	0.39057007
0.11987305	0.34566007
0.12011719	0.27892205
0.12036133	0.26630422
0.12060547	0.22897060
0.12084961	0.19306857
0.12109375	0.20406096
0.12133789	0.17769915
0.12158203	0.17704966
0.12182617	0.23473032
0.12207031	0.17298108
0.12231445	0.12535617
0.12255859	0.15483324
0.12280273	0.12871232
0.12304688	0.12335927
0.12329102	0.10393826
0.12353516	0.13264309
0.12377930	0.11429515
0.12402344	0.06242489
0.12426758	0.06455674
0.12451172	0.11562192
0.12475586	0.07775554
0.12500000	0.10954264
0.12524414	0.10680761
0.12548828	0.09026599
0.12573242	0.08502821
0.12597656	0.10389474
0.12622070	0.12154949
0.12646484	0.12606461
0.12670898	0.11845015
0.12695312	0.12813569
0.12719727	0.17187214
0.12744141	0.16699016
0.12768555	0.14711949
0.12792969	0.17271279
0.12817383	0.14975302
0.12841797	0.13084858
0.12866211	0.16042510
0.12890625	0.18903680
0.12915039	0.19633143
0.12939453	0.18315328
0.12963867	0.17649850
0.12988281	0.14320091
0.13012695	0.20542383
0.13037109	0.20432243
0.13061523	0.21369700
0.13085938	0.18703760
0.13110352	0.22904410
0.13134766	0.20716805
0.13159180	0.21365586
0.13183594	0.17096789
0.13208008	0.16625160
0.13232422	0.18603204
0.13256836	0.19703258
0.13281250	0.22453436
0.13305664	0.21386513
0.13330078	0.21755633
0.13354492	0.18799871
0.13378906	0.18713542
0.13403320	0.21771419
0.13427734	0.19081212
0.13452148	0.19594097
0.13476562	0.21099759
0.13500977	0.18036745
0.13525391	0.17705046
0.13549805	0.15643812
0.13574219	0.16312662
0.13598633	0.17457669
0.13623047	0.16186565
0.13647461	0.15766677
0.13671875	0.12203275
0.13696289	0.19604259
0.13720703	0.16115237
0.13745117	0.13271790
0.13769531	0.14791045
0.13793945	0.10776295
0.13818359	0.11355014
0.13842773	0.15745391
0.13867188	0.18857046
0.13891602	0.18846197
0.13916016	0.19107612
0.13940430	0.20107839
0.13964844	0.19193756
0.13989258	0.18226980
0.14013672	0.22516062
0.14038086	0.22429898
0.14062500	0.21770642
0.14086914	0.24697855
0.14111328	0.23662890
0.14135742	0.23085927
0.14160156	0.26338344
0.14184570	0.23416737
0.14208984	0.24315880
0.14233398	0.22331599
0.14257812	0.21722928
0.14282227	0.18933591
0.14306641	0.19309213
0.14331055	0.19288819
0.14355469	0.17662290
0.14379883	0.13311123
0.14404297	0.17048127
0.14428711	0.18999397
0.14453125	0.16139009
0.14477539	0.12757795
0.14501953	0.13110651
0.14526367	0.19880763
0.14550781	0.17829994
0.14575195	0.19214963
0.14599609	0.18799252
0.14624023	0.19054356
0.14648438	0.22303865
0.14672852	0.19659112
0.14697266	0.22864524
0.14721680	0.26559677
0.14746094	0.26178040
0.14770508	0.20945858
0.14794922	0.18865085
0.14819336	0.18661259
0.14843750	0.17863988
0.14868164	0.17354986
0.14892578	0.14658825
0.14916992	0.20195037
0.14941406	0.22336238
0.14965820	0.24006631
0.14990234	0.18583978
0.15014648	0.21519536
0.15039062	0.21778719
0.15063477	0.25410028
0.15087891	0.24515130
0.15112305	0.23954956
0.15136719	0.24830612
0.15161133	0.19911807
0.15185547	0.22675006
0.15209961	0.25811538
0.15234375	0.26790624
0.15258789	0.20946101
0.15283203	0.15758056
0.15307617	0.20079634
0.15332031	0.17962271
0.15356445	0.13276271
0.15380859	0.12204252
0.15405273	0.12058326
0.15429688	0.08495175
0.15454102	0.07852082
0.15478516	0.08557756
0.15502930	0.03908086
0.15527344	0.05574419
0.15551758	0.01636283
0.15576172	0.01740822
0.15600586	0.01585367
0.15625000	-0.01274011
0.15649414	-0.04072605
0.15673828	-0.05082012
0.15698242	-0.09975477
0.15722656	-0.06505868
0.15747070	-0.05230436
0.15771484	-0.05327742
0.15795898	-0.03750874
0.15820312	-0.04655658
0.15844727	-0.11095409
0.15869141	-0.11338248
0.15893555	-0.12066445
0.15917969	-0.09746117
0.15942383	-0.11325371
0.15966797	-0.09598158
0.15991211	-0.10867396
0.16015625	-0.10771514
0.16040039	-0.07666009
0.16064453	-0.05740050
0.16088867	-0.07803658
0.16113281	-0.08102208
0.16137695	-0.07621486
0.16162109	-0.02788850
0.16186523	-0.03086711
0.16210938	0.02400305
0.16235352	0.03156246
0.16259766	0.03405473
0.16284180	0.00775899
0.16308594	0.01249904
0.16333008	0.03820577
0.16357422	-0.00262398
0.16381836	0.00258220
0.16406250	-0.02064160
0.16430664	-0.03057401
0.16455078	0.02803399
0.16479492	0.04142457
0.16503906	0.03486386
0.16528320	0.01601398
0.16552734	0.07967644
0.16577148	0.06710808
0.16601562	0.02881740
0.16625977	0.04441505
0.16650391	0.00294110
0.16674805	-0.03709329
0.16699219	-0.04130630
0.16723633	-0.03256813
0.16748047	-0.10124171
0.16772461	-0.07194103
0.16796875	-0.12953712
0.16821289	-0.12499573
0.16845703	-0.12536250
0.16870117	-0.12839368
0.16894531	-0.12586009
0.16918945	-0.15087614
0.16943359	-0.12456748
0.16967773	-0.11746454
0.16992188	-0.13866998
0.17016602	-0.13526605
0.17041016	-0.12359479
0.17065430	-0.13706961
0.17089844	-0.15071066
0.17114258	-0.16735440
0.17138672	-0.13153875
0.17163086	-0.12299812
0.17187500	-0.10890378
0.17211914	-0.09549390
0.17236328	-0.10519524
0.17260742	-0.10855776
0.17285156	-0.08262160
0.17309570	-0.09104077
0.17333984	-0.09263279
0.17358398	-0.10442014
0.17382812	-0.08244891
0.17407227	-0.07025142
0.17431641	-0.10032555
0.17456055	-0.09804134
0.17480469	-0.07328029
0.17504883	0.00176823
0.17529297	-0.01094228
0.17553711	-0.02233880
0.17578125	-0.01067612
0.17602539	-0.02226981
0.17626953	-0.00727735
0.17651367	-0.03624303
0.17675781	-0.00372103
0.17700195	-0.00603401
0.17724609	-0.03009082
0.17749023	-0.06427518
0.17773438	-0.05178157
0.17797852	0.00151360
0.17822266	-0.02285014
0.17846680	-0.01952146
0.17871094	-0.00085149
0.17895508	0.07207532
0.17919922	0.04720586
0.17944336	0.03541042
0.17968750	0.01357367
0.17993164	0.00227154
0.18017578	-0.00834794
0.18041992	-0.00724838
0.18066406	-0.05740454
0.18090820	-0.04478087
0.18115234	-0.09996946
0.18139648	-0.08794772
0.18164062	-0.06796955
0.18188477	-0.06645236
0.18212891	-0.08152234
0.18237305	-0.07966141
0.18261719	-0.10717206
0.18286133	-0.09479553
0.18310547	-0.09384854
0.18334961	-0.05260218
0.18359375	-0.03916310
0.18383789	-0.01898377
0.18408203	-0.03650051
0.18432617	-0.04354597
0.18457031	0.00645265
0.18481445	0.01929931
0.18505859	-0.05731208
0.18530273	-0.06317350
0.18554688	-0.09148917
0.18579102	-0.09261510
0.18603516	-0.03165989
0.18627930	-0.02953407
0.18652344	0.02590039
0.18676758	0.04251412
0.18701172	0.01240395
0.18725586	0.03317432
0.18750000	0.01764950
0.18774414	0.06001508
0.18798828	0.06511875
0.18823242	0.05806929
0.18847656	0.08377062
0.18872070	0.04446216
0.18896484	0.04052341
0.18920898	0.04665916
0.18945312	0.06131931
0.18969727	0.06482474
0.18994141	0.09147688
0.19018555	0.07526862
0.19042969	0.04960415
0.19067383	0.06945827
0.19091797	0.08871017
0.19116211	0.12511254
0.19140625	0.09882326
0.19165039	0.05737733
0.19189453	0.07077824
0.19213867	0.05904671
0.19238281	0.03584724
0.19262695	0.03193311
0.19287109	-0.00618310
0.19311523	0.02723595
0.19335938	0.02135302
0.19360352	0.04366399
0.19384766	0.06077507
0.19409180	0.07908776
0.19433594	0.06991923
0.19458008	0.13709285
0.19482422	0.11957231
0.19506836	0.11829756
0.19531250	0.10015021
0.19555664	0.09906466
0.19580078	0.09487026
0.19604492	0.12032882
0.19628906	0.13825404
0.19653320	0.15310430
0.19677734	0.08326337
0.19702148	0.08869769
0.19726562	0.10226949
0.19750977	0.17007067
0.19775391	0.23407768
0.19799805	0.23873523
0.19824219	0.22436342
0.19848633	0.21288989
0.19873047	0.13767274
0.19897461	0.10132093
0.19921875	0.08699604
0.19946289	0.10517472
0.19970703	0.15372311
0.19995117	0.20953300
0.20019531	0.21483693
0.20043945	0.21546575
0.20068359	0.21127788
0.20092773	0.18631787
0.20117188	0.21451000
0.20141602	0.16366548
0.20166016	0.18836013
0.20190430	0.20270504
0.20214844	0.22550102
0.20239258	0.17555192
0.20263672	0.15806685
0.20288086	0.19234308
0.20312500	0.15450900
0.20336914	0.12466505
0.20361328	0.08600211
0.20385742	0.10584118
0.20410156	0.10574718
0.20434570	0.07167907
0.20458984	0.10777249
0.20483398	0.04864700
0.20507812	0.05530636
0.20532227	0.07196459
0.20556641	0.10271152
0.20581055	0.10882658
0.20605469	0.12309222
0.20629883	0.05717233
0.20654297	0.09257626
0.20678711	0.12310193
0.20703125	0.19105051
0.20727539	0.17542376
0.20751953	0.16188808
0.20776367	0.16723753
0.20800781	0.16260070
0.20825195	0.19684492
0.20849609	0.13671432
0.20874023	0.15564103
0.20898438	0.20573896
0.20922852	0.21623589
0.20947266	0.22765457
0.20971680	0.26494367
0.20996094	0.31169406
0.21020508	0.30086650
0.21044922	0.26257499
0.21069336	0.21018827
0.21093750	0.15583197
0.21118164	0.14059369
0.21142578	0.16240753
0.21166992	0.12775924
0.21191406	0.20849431
0.21215820	0.23724692
0.21240234	0.21137728
0.21264648	0.20152513
0.21289062	0.23454671
0.21313477	0.22498342
0.21337891	0.23799335
0.21362305	0.20818634
0.21386719	0.17883693
0.21411133	0.17021169
0.21435547	0.17466583
0.21459961	0.19066110
0.21484375	0.22880697
0.21508789	0.22047028
0.21533203	0.19751301
0.21557617	0.22819220
0.21582031	0.23552802
0.21606445	0.20922792
0.21630859	0.27353248
0.21655273	0.26194960
0.21679688	0.22368760
0.21704102	0.20018684
0.21728516	0.22725061
0.21752930	0.25043431
0.21777344	0.20652307
0.21801758	0.18746497
0.21826172	0.17665554
0.21850586	0.19299597
0.21875000	0.19475480
0.21899414	0.15535164
0.21923828	0.12019880
0.21948242	0.12585626
0.21972656	0.11102953
0.21997070	0.11735460
0.22021484	0.17287007
0.22045898	0.17076785
0.22070312	0.20236444
0.22094727	0.16890156
0.22119141	0.18570650
0.22143555	0.19990275
0.22167969	0.22344967
0.22192383	0.20671192
0.22216797	0.16805120
0.22241211	0.14152412
0.22265625	0.20291751
0.22290039	0.17514655
0.22314453	0.15666442
0.22338867	0.12630467
0.22363281	0.14327175
0.22387695	0.12115912
0.22412109	0.15346840
0.22436523	0.11204330
0.22460938	0.08881995
0.22485352	0.08729132
0.22509766	0.06038870
0.22534180	0.04647678
0.22558594	0.05957595
0.22583008	0.06782343
0.22607422	0.13971386
0.22631836	0.17502871
0.22656250	0.18412355
0.22680664	0.19933155
0.22705078	0.18789845
0.22729492	0.20865852
0.22753906	0.23949249
0.22778320	0.28216453
0.22802734	0.30232516
0.22827148	0.28300171
0.22851562	0.27620839
0.22875977	0.29027892
0.22900391	0.29816222
0.22924805	0.30542558
0.22949219	0.32687216
0.22973633	0.27202059
0.22998047	0.25165810
0.23022461	0.23678248
0.23046875	0.20109307
0.23071289	0.16310794
0.23095703	0.14294713
0.23120117	0.10630696
0.23144531	0.07912177
0.23168945	0.06921628
0.23193359	0.10276128
0.23217773	0.07715241
0.23242188	0.15271044
0.23266602	0.13580730
0.23291016	0.12453224
0.23315430	0.15617755
0.23339844	0.12887435
0.23364258	0.09720191
0.23388672	0.07338934
0.23413086	0.06927521
0.23437500	0.03096624
0.23461914	0.01628577
0.23486328	0.00672155
0.23510742	-0.02031876
0.23535156	-0.07304092
0.23559570	-0.07270971
0.23583984	-0.08451756
0.23608398	-0.04609913
0.23632812	-0.10015395
0.23657227	-0.08222215
0.23681641	-0.11931081
0.23706055	-0.12574533
0.23730469	-0.13127883
0.23754883	-0.11439337
0.23779297	-0.10874767
0.23803711	-0.15633604
0.23828125	-0.12948069
0.23852539	-0.14011902
0.23876953	-0.13737017
0.23901367	-0.14648618
0.23925781	-0.08957191
0.23950195	-0.09337620
0.23974609	-0.07234934
0.23999023	-0.07829382
0.24023438	-0.09673465
0.24047852	-0.09199034
0.24072266	-0.07197392
0.24096680	-0.08375914
0.24121094	-0.08763752
0.24145508	-0.07731272
0.24169922	-0.04797453
0.24194336	-0.06615266
0.24218750	-0.02706096
0.24243164	-0.00568101
0.24267578	0.00497657
0.24291992	-0.00644885
0.24316406	-0.02708577
0.24340820	-0.05410712
0.24365234	-0.01588815
0.24389648	-0.10012904
0.24414062	-0.10321750
0.24438477	-0.08724869
0.24462891	-0.09237139
0.24487305	-0.10271900
0.24511719	-0.14827030
0.24536133	-0.15233706
0.24560547	-0.18119361
0.24584961	-0.15674577
0.24609375	-0.15616543
0.24633789	-0.20929410
0.24658203	-0.27084424
0.24682617	-0.26199628
0.24707031	-0.28823433
0.24731445	-0.27128987
0.24755859	-0.28046416
0.24780273	-0.27559150
0.24804688	-0.27822332
0.24829102	-0.25657212
0.24853516	-0.24842481
0.24877930	-0.21900377
0.24902344	-0.21846665
0.24926758	-0.20648192
0.24951172	-0.14339964
0.24975586	-0.16139829
0.25000000	-0.20270493
0.25024414	-0.21054997
0.25048828	-0.18328749
0.25073242	-0.16598388
0.25097656	-0.19050704
0.25122070	-0.19738206
0.25146484	-0.25883950
0.25170898	-0.26672905
0.25195312	-0.26131748
0.25219727	-0.23229076
0.25244141	-0.24036460
0.25268555	-0.19250810
0.25292969	-0.17592091
0.25317383	-0.17471741
0.25341797	-0.20286179
0.25366211	-0.20916904
0.25390625	-0.25626233
0.25415039	-0.23311326
0.25439453	-0.22106210
0.25463867	-0.24069671
0.25488281	-0.27196326
0.25512695	-0.24360304
0.25537109	-0.27849129
0.25561523	-0.29893901
0.25585938	-0.37268177
0.25610352	-0.37443409
0.25634766	-0.39028908
0.25659180	-0.41242481
0.25683594	-0.42638423
0.25708008	-0.41653077
0.25732422	-0.40968410
0.25756836	-0.37868248
0.25781250	-0.42440233
0.25805664	-0.42185352
0.25830078	-0.41732402
0.25854492	-0.40621652
0.25878906	-0.41090389
0.25903320	-0.43181685
0.25927734	-0.40524158
0.25952148	-0.40152797
0.25976562	-0.36447423
0.26000977	-0.36566470
0.26025391	-0.31354316
0.26049805	-0.30214476
0.26074219	-0.30864260
0.26098633	-0.32028464
0.26123047	-0.30047713
0.26147461	-0.29686598
0.26171875	-0.27228082
0.26196289	-0.26742209
0.26220703	-0.24528203
0.26245117	-0.24401427
0.26269531	-0.25607993
0.26293945	-0.24976993
0.26318359	-0.22401603
0.26342773	-0.20921488
0.26367188	-0.25182595
0.26391602	-0.23198502
0.26416016	-0.19479731
0.26440430	-0.24017487
0.26464844	-0.19907405
0.26489258	-0.23714827
0.26513672	-0.21183862
0.26538086	-0.23699760
0.26562500	-0.25569686
0.26586914	-0.25374325
0.26611328	-0.22832626
0.26635742	-0.25206408
0.26660156	-0.30084109
0.26684570	-0.35980764
0.26708984	-0.40525745
0.26733398	-0.33644116
0.26757812	-0.30747080
0.26782227	-0.26590932
0.26806641	-0.22492571
0.26831055	-0.17761818
0.26855469	-0.17403272
0.26879883	-0.17775692
0.26904297	-0.19874257
0.26928711	-0.22678348
0.26953125	-0.19413151
0.26977539	-0.16841918
0.27001953	-0.14037686
0.27026367	-0.20295674
0.27050781	-0.16679592
0.27075195	-0.18139103
0.27099609	-0.20503528
0.27124023	-0.26321266
0.27148438	-0.22603863
0.27172852	-0.23198202
0.27197266	-0.21613483
0.27221680	-0.18278614
0.27246094	-0.19855038
0.27270508	-0.20834677
0.27294922	-0.21036012
0.27319336	-0.22137201
0.27343750	-0.20842994
0.27368164	-0.22016588
0.27392578	-0.24555645
0.27416992	-0.28235834
0.27441406	-0.27880772
0.27465820	-0.26536492
0.27490234	-0.27684187
0.27514648	-0.27963383
0.27539062	-0.27921314
0.27563477	-0.27369061
0.27587891	-0.29592550
0.27612305	-0.24818301
0.27636719	-0.29912467
0.27661133	-0.28331008
0.27685547	-0.26648898
0.27709961	-0.23608434
0.27734375	-0.23962064
0.27758789	-0.20152438
0.27783203	-0.17177219
0.27807617	-0.20424328
0.27832031	-0.25863157
0.27856445	-0.26862978
0.27880859	-0.21062550
0.27905273	-0.18091486
0.27929688	-0.16000499
0.27954102	-0.12143025
0.27978516	-0.08925475
0.28002930	-0.12887948
0.28027344	-0.11926824
0.28051758	-0.09542461
0.28076172	-0.09947293
0.28100586	-0.00229100
0.28125000	-0.01127221
0.28149414	0.00929273
0.28173828	0.07497074
0.28198242	0.05723528
0.28222656	0.04914385
0.28247070	0.07652505
0.28271484	0.02357331
0.28295898	0.12041334
0.28320312	0.13702389
0.28344727	0.11998906
0.28369141	0.04978362
0.28393555	0.07327095
0.28417969	0.07570038
0.28442383	0.06561189
0.28466797	0.06759971
0.28491211	0.04346495
0.28515625	0.02927567
0.28540039	-0.01420951
0.28564453	0.03278148
0.28588867	0.06018160
0.28613281	0.09624274
0.28637695	0.07525913
0.28662109	0.09168712
0.28686523	0.09896072
0.28710938	0.08117256
0.28735352	0.04880813
0.28759766	0.09545003
0.28784180	0.14705454
0.28808594	0.18425831
0.28833008	0.17480324
0.28857422	0.15968971
0.28881836	0.22768195
0.28906250	0.21594719
0.28930664	0.25427848
0.28955078	0.23905179
0.28979492	0.22688244
0.29003906	0.25765826
0.29028320	0.28450865
0.29052734	0.33154469
0.29077148	0.35417113
0.29101562	0.37567442
0.29125977	0.43474693
0.29150391	0.39029514
0.29174805	0.42350705
0.29199219	0.42423492
0.29223633	0.38969072
0.29248047	0.35698029
0.29272461	0.37570467
0.29296875	0.31465592
0.29321289	0.33135575
0.29345703	0.27708572
0.29370117	0.29904749
0.29394531	0.29821991
0.29418945	0.27948435
0.29443359	0.23234793
0.29467773	0.24898323
0.29492188	0.26220630
0.29516602	0.22571153
0.29541016	0.28393225
0.29565430	0.26893538
0.29589844	0.26684460
0.29614258	0.29080148
0.29638672	0.35496833
0.29663086	0.38357696
0.29687500	0.40202463
0.29711914	0.39498471
0.29736328	0.38369258
0.29760742	0.38182560
0.29785156	0.42255869
0.29809570	0.36099650
0.29833984	0.33772654
0.29858398	0.31525591
0.29882812	0.36215433
0.29907227	0.30230061
0.29931641	0.27803870
0.29956055	0.22232551
0.29980469	0.22128022
0.30004883	0.12900846
0.30029297	0.12801456
0.30053711	0.14631525
0.30078125	0.09658273
0.30102539	0.08628220
0.30126953	0.13482030
0.30151367	0.14920770
0.30175781	0.15777866
0.30200195	0.14327284
0.30224609	0.08553137
0.30249023	0.03469925
0.30273438	0.04176740
0.30297852	0.03496148
0.30322266	-0.03121675
0.30346680	-0.07676984
0.30371094	-0.07113295
0.30395508	-0.09715407
0.30419922	-0.13560462
0.30444336	-0.14200624
0.30468750	-0.13224383
0.30493164	-0.14525961
0.30517578	-0.15699780
0.30541992	-0.12698461
0.30566406	-0.07784333
0.30590820	-0.03825372
0.30615234	-0.08003212
0.30639648	-0.09101626
0.30664062	-0.11317232
0.30688477	-0.11940324
0.30712891	-0.12357081
0.30737305	-0.13125472
0.30761719	-0.16277307
0.30786133	-0.14225520
0.30810547	-0.16399797
0.30834961	-0.20129723
0.30859375	-0.10601308
0.30883789	-0.11174289
0.30908203	-0.10950129
0.30932617	-0.05297832
0.30957031	-0.09264033
0.30981445	-0.08316269
0.31005859	-0.01736300
0.31030273	-0.03133863
0.31054688	-0.02892376
0.31079102	-0.05874543
0.31103516	-0.03259478
0.31127930	0.00102481
0.31152344	-0.00113974
0.31176758	-0.00580261
0.31201172	-0.01714863
0.31225586	0.01528487
0.31250000	0.02982604
0.31274414	0.00926596
0.31298828	-0.04152069
0.31323242	-0.01030629
0.31347656	-0.02259739
0.31372070	-0.03223100
0.31396484	-0.03976396
0.31420898	-0.04940689
0.31445312	-0.06913184
0.31469727	-0.01656431
0.31494141	0.01137160
0.31518555	0.02665391
0.31542969	0.05762601
0.31567383	0.06985450
0.31591797	0.06169979
0.31616211	0.04150033
0.31640625	0.05886301
0.31665039	0.12106486
0.31689453	0.14243026
0.31713867	0.07927542
0.31738281	0.11322114
0.31762695	0.08390904
0.31787109	0.12853526
0.31811523	0.14251965
0.31835938	0.15983291
0.31860352	0.16541132
0.31884766	0.22505518
0.31909180	0.28109863
0.31933594	0.27450715
0.31958008	0.24638243
0.31982422	0.23758120
0.32006836	0.21650352
0.32031250	0.19752804
0.32055664	0.18610804
0.32080078	0.17134810
0.32104492	0.15951254
0.32128906	0.15025303
0.32153320	0.11428621
0.32177734	0.13304417
0.32202148	0.17404049
0.32226562	0.14508294
0.32250977	0.14431214
0.32275391	0.11805797
0.32299805	0.10818129
0.32324219	0.08260769
0.32348633	0.03584485
0.32373047	0.03593058
0.32397461	0.01082931
0.32421875	0.06134807
0.32446289	0.06059924
0.32470703	0.04222534
0.32495117	0.00204046
0.32519531	-0.02853328
0.32543945	-0.04030641
0.32568359	-0.02209299
0.32592773	-0.03039372
0.32617188	-0.06251939
0.32641602	-0.06967901
0.32666016	-0.10238919
0.32690430	-0.08586901
0.32714844	-0.08821108
0.32739258	-0.04939403
0.32763672	-0.06665371
0.32788086	-0.02794734
0.32812500	-0.07735628
0.32836914	-0.07024815
0.32861328	-0.07437157
0.32885742	-0.05495447
0.32910156	-0.02790078
0.32934570	0.01445096
0.32958984	0.02478980
0.32983398	0.09374940
0.33007812	0.04380525
0.33032227	0.05166466
0.33056641	0.02630504
0.33081055	0.04175820
0.33105469	0.01755745
0.33129883	0.01510369
0.33154297	0.02737668
0.33178711	-0.00750674
0.33203125	-0.00439468
0.33227539	-0.03784730
0.33251953	-0.02689929
0.33276367	0.01426663
0.33300781	-0.04055930
0.33325195	-0.03196141
0.33349609	-0.02446137
0.33374023	-0.03144062
0.33398438	-0.07659193
0.33422852	-0.04111307
0.33447266	-0.06927250
0.33471680	-0.07287820
0.33496094	-0.03338943
0.33520508	-0.03128497
0.33544922	0.00427829
0.33569336	0.07562140
0.33593750	0.07071392
0.33618164	0.09759023
0.33642578	0.13680530
0.33666992	0.12155201
0.33691406	0.21806056
0.33715820	0.20209072
0.33740234	0.25437112
0.33764648	0.27972815
0.33789062	0.23492621
0.33813477	0.24953064
0.33837891	0.22642188
0.33862305	0.25292320
0.33886719	0.26229779
0.33911133	0.22974034
0.33935547	0.25662804
0.33959961	0.27744463
0.33984375	0.23175114
0.34008789	0.20410211
0.34033203	0.18843473
0.34057617	0.16835841
0.34082031	0.15061600
0.34106445	0.13533852
0.34130859	0.13591043
0.34155273	0.17010274
0.34179688	0.18396652
0.34204102	0.16091819
0.34228516	0.15956064
0.34252930	0.18196445
0.34277344	0.14471053
0.34301758	0.17108594
0.34326172	0.17678557
0.34350586	0.18850211
0.34375000	0.18601504
0.34399414	0.19174673
0.34423828	0.15135180
0.34448242	0.10915804
0.34472656	0.12884137
0.34497070	0.13941389
0.34521484	0.10406961
0.34545898	0.11973822
0.34570312	0.12891081
0.34594727	0.11483335
0.34619141	0.10411424
0.34643555	0.09547114
0.34667969	0.11142411
0.34692383	0.11970619
0.34716797	0.12281122
0.34741211	0.18991553
0.34765625	0.16719030
0.34790039	0.16545498
0.34814453	0.09088345
0.34838867	0.06773049
0.34863281	0.08257021
0.34887695	0.09493486
0.34912109	0.07052715
0.34936523	0.05714938
0.34960938	0.10332540
0.34985352	0.13176391
0.35009766	0.11579933
0.35034180	0.15158897
0.35058594	0.15791372
0.35083008	0.15145458
0.35107422	0.17848154
0.35131836	0.20558664
0.35156250	0.20413118
0.35180664	0.21556312
0.35205078	0.17497361
0.35229492	0.17909564
0.35253906	0.19806510
0.35278320	0.18523523
0.35302734	0.15057946
0.35327148	0.15522130
0.35351562	0.16482178
0.35375977	0.22376383
0.35400391	0.19059978
0.35424805	0.20173102
0.35449219	0.20164989
0.35473633	0.23613064
0.35498047	0.19359171
0.35522461	0.17834541
0.35546875	0.20397938
0.35571289	0.21667656
0.35595703	0.24125841
0.35620117	0.24054358
0.35644531	0.23049009
0.35668945	0.23440037
0.35693359	0.25371614
0.35717773	0.25700190
0.35742188	0.30843897
0.35766602	0.29505186
0.35791016	0.33731518
0.35815430	0.33904233
0.35839844	0.33991321
0.35864258	0.39858701
0.35888672	0.41006580
0.35913086	0.38022367
0.35937500	0.33606296
0.35961914	0.30197711
0.35986328	0.21096618
0.36010742	0.24800569
0.36035156	0.23230621
0.36059570	0.23454290
0.36083984	0.25576946
0.36108398	0.30591403
0.36132812	0.32051864
0.36157227	0.34226504
0.36181641	0.36193030
0.36206055	0.38582668
0.36230469	0.37355727
0.36254883	0.40777702
0.36279297	0.38842415
0.36303711	0.48117611
0.36328125	0.48848068
0.36352539	0.47385606
0.36376953	0.41475143
0.36401367	0.38390061
0.36425781	0.35186485
0.36450195	0.37737712
0.36474609	0.32022066
0.36499023	0.29644694
0.36523438	0.27401267
0.36547852	0.26854435
0.36572266	0.27222479
0.36596680	0.30295908
0.36621094	0.32464421
0.36645508	0.33335751
0.36669922	0.31593375
0.36694336	0.33169561
0.36718750	0.32571639
0.36743164	0.37109746
0.36767578	0.36949047
0.36791992	0.35805125
0.36816406	0.34351900
0.36840820	0.31659203
0.36865234	0.32562320
0.36889648	0.32522559
0.36914062	0.27543181
0.36938477	0.29398949
0.36962891	0.31681544
0.36987305	0.30124077
0.37011719	0.28127806
0.37036133	0.24143074
0.37060547	0.18685912
0.37084961	0.18784964
0.37109375	0.17904722
0.37133789	0.21259724
0.37158203	0.23056495
0.37182617	0.24452817
0.37207031	0.27069179
0.37231445	0.27791185
0.37255859	0.26925439
0.37280273	0.23777729
0.37304688	0.20259093
0.37329102	0.17853353
0.37353516	0.16579267
0.37377930	0.16960434
0.37402344	0.18639393
0.37426758	0.15216725
0.37451172	0.14402402
0.37475586	0.12655880
0.37500000	0.09041992
0.37524414	0.11482562
0.37548828	0.11605936
0.37573242	0.09381987
0.37597656	0.09991077
0.37622070	0.10506891
0.37646484	0.14486125
0.37670898	0.14297821
0.37695312	0.19538890
0.37719727	0.19058389
0.37744141	0.22499806
0.37768555	0.24350264
0.37792969	0.24902004
0.37817383	0.24638962
0.37841797	0.23621040
0.37866211	0.23274824
0.37890625	0.26825889
0.37915039	0.26622501
0.37939453	0.25997693
0.37963867	0.22896773
0.37988281	0.23102074
0.38012695	0.26127190
0.38037109	0.21631254
0.38061523	0.20074337
0.38085938	0.19214880
0.38110352	0.21577251
0.38134766	0.21247457
0.38159180	0.21917357
0.38183594	0.23058504
0.38208008	0.20668616
0.38232422	0.19430746
0.38256836	0.20663184
0.38281250	0.18853049
0.38305664	0.19960716
0.38330078	0.20708044
0.38354492	0.22053364
0.38378906	0.22609764
0.38403320	0.26189961
0.38427734	0.31532158
0.38452148	0.32705924
0.38476562	0.33796065
0.38500977	0.29414327
0.38525391	0.29178418
0.38549805	0.29745815
0.38574219	0.28121967
0.38598633	0.29255407
0.38623047	0.31025285
0.38647461	0.28437623
0.38671875	0.25734747
0.38696289	0.25952744
0.38720703	0.23927290
0.38745117	0.24375062
0.38769531	0.25654009
0.38793945	0.23780292
0.38818359	0.23818559
0.38842773	0.22342223
0.38867188	0.21707973
0.38891602	0.22680927
0.38916016	0.19779274
0.38940430	0.17325436
0.38964844	0.14889783
0.38989258	0.12745036
0.39013672	0.13272151
0.39038086	0.11532430
0.39062500	0.14428733
0.39086914	0.13397187
0.39111328	0.13354082
0.39135742	0.15477932
0.39160156	0.14812226
0.39184570	0.16161770
0.39208984	0.18280325
0.39233398	0.17043157
0.39257812	0.15072213
0.39282227	0.10921234
0.39306641	0.07972962
0.39331055	0.07244601
0.39355469	0.07505218
0.39379883	0.08028281
0.39404297	0.11309310
0.39428711	0.16695576
0.39453125	0.15159181
0.39477539	0.18149760
0.39501953	0.18030679
0.39526367	0.15216515
0.39550781	0.20392764
0.39575195	0.18154600
0.39599609	0.18842236
0.39624023	0.22583745
0.39648438	0.17741619
0.39672852	0.15269886
0.39697266	0.14181626
0.39721680	0.08987848
0.39746094	0.06748646
0.39770508	0.09989167
0.39794922	0.08821781
0.39819336	0.03972190
0.39843750	0.09158238
0.39868164	0.05587205
0.39892578	0.07031362
0.39916992	0.08598844
0.39941406	0.01666498
0.39965820	0.02493655
0.39990234	0.02104966
0.40014648	-0.00624346
0.40039062	-0.01869147
0.40063477	-0.05624531
0.40087891	-0.04906505
0.40112305	-0.00566693
0.40136719	-0.02111345
0.40161133	-0.02293977
0.40185547	-0.03870275
0.40209961	-0.06631254
0.40234375	-0.12475443
0.40258789	-0.16309685
0.40283203	-0.14263146
0.40307617	-0.17864733
0.40332031	-0.21945672
0.40356445	-0.22377729
0.40380859	-0.20610727
0.40405273	-0.20352600
0.40429688	-0.20845231
0.40454102	-0.23612090
0.40478516	-0.18462420
0.40502930	-0.17705974
0.40527344	-0.19898848
0.40551758	-0.17452749
0.40576172	-0.20386600
0.40600586	-0.22535102
0.40625000	-0.22053119
0.40649414	-0.21530984
0.40673828	-0.19935467
0.40698242	-0.19705613
0.40722656	-0.15799592
0.40747070	-0.18253144
0.40771484	-0.20745858
0.40795898	-0.23269853
0.40820312	-0.23445802
0.40844727	-0.24551366
0.40869141	-0.19168464
0.40893555	-0.15634514
0.40917969	-0.15648224
0.40942383	-0.14199180
0.40966797	-0.14471491
0.40991211	-0.10454359
0.41015625	-0.07587788
0.41040039	-0.06528858
0.41064453	-0.09115099
0.41088867	-0.10430830
0.41113281	-0.10106341
0.41137695	-0.14847680
0.41162109	-0.14716529
0.41186523	-0.15849321
0.41210938	-0.16433303
0.41235352	-0.14928255
0.41259766	-0.17538740
0.41284180	-0.14361322
0.41308594	-0.19654181
0.41333008	-0.25447147
0.41357422	-0.26022604
0.41381836	-0.21749000
0.41406250	-0.24122526
0.41430664	-0.20487525
0.41455078	-0.17586743
0.41479492	-0.18624776
0.41503906	-0.20387270
0.41528320	-0.25712748
0.41552734	-0.26558318
0.41577148	-0.28263756
0.41601562	-0.30100089
0.41625977	-0.34156090
0.41650391	-0.33395875
0.41674805	-0.31092510
0.41699219	-0.30536815
0.41723633	-0.30938877
0.41748047	-0.28832440
0.41772461	-0.29647853
0.41796875	-0.29767083
0.41821289	-0.30263207
0.41845703	-0.31723515
0.41870117	-0.32475224
0.41894531	-0.30001533
0.41918945	-0.29316537
0.41943359	-0.31991478
0.41967773	-0.29024140
0.41992188	-0.29908428
0.42016602	-0.20475551
0.42041016	-0.20191284
0.42065430	-0.17570651
0.42089844	-0.20896238
0.42114258	-0.19692228
0.42138672	-0.20548229
0.42163086	-0.26015291
0.42187500	-0.25893879
0.42211914	-0.28215122
0.42236328	-0.32098970
0.42260742	-0.31601492
0.42285156	-0.31733823
0.42309570	-0.26682646
0.42333984	-0.26831976
0.42358398	-0.26778919
0.42382812	-0.27760671
0.42407227	-0.29151609
0.42431641	-0.31494168
0.42456055	-0.29914042
0.42480469	-0.30355982
0.42504883	-0.35122438
0.42529297	-0.31690587
0.42553711	-0.32573592
0.42578125	-0.25383200
0.42602539	-0.30163699
0.42626953	-0.29997956
0.42651367	-0.33028567
0.42675781	-0.37425301
0.42700195	-0.35854537
0.42724609	-0.43778106
0.42749023	-0.42426504
0.42773438	-0.43007214
0.42797852	-0.43264598
0.42822266	-0.42132139
0.42846680	-0.40160445
0.42871094	-0.41959838
0.42895508	-0.40648414
0.42919922	-0.37908814
0.42944336	-0.32496637
0.42968750	-0.25873354
0.42993164	-0.20318350
0.43017578	-0.19089989
0.43041992	-0.17425725
0.43066406	-0.20936107
0.43090820	-0.26760511
0.43115234	-0.24663013
0.43139648	-0.20824498
0.43164062	-0.16947267
0.43188477	-0.13897141
0.43212891	-0.14139345
0.43237305	-0.12508409
0.43261719	-0.12630854
0.43286133	-0.15770701
0.43310547	-0.13330769
0.43334961	-0.09828431
0.43359375	-0.13422338
0.43383789	-0.14575031
0.43408203	-0.12489337
0.43432617	-0.18173763
0.43457031	-0.15861907
0.43481445	-0.17920731
0.43505859	-0.19196477
0.43530273	-0.20457735
0.43554688	-0.26149411
0.43579102	-0.26322927
0.43603516	-0.25778714
0.43627930	-0.25577601
0.43652344	-0.23194957
0.43676758	-0.24943081
0.43701172	-0.24307271
0.43725586	-0.27930870
0.43750000	-0.24186452
0.43774414	-0.22880840
0.43798828	-0.21375443
0.43823242	-0.22249707
0.43847656	-0.28684874
0.43872070	-0.28464728
0.43896484	-0.28269584
0.43920898	-0.25947586
0.43945312	-0.26410625
0.43969727	-0.22947552
0.43994141	-0.24825900
0.44018555	-0.20801813
0.44042969	-0.25062506
0.44067383	-0.26298937
0.44091797	-0.24035248
0.44116211	-0.24164388
0.44140625	-0.25737765
0.44165039	-0.22763896
0.44189453	-0.22118437
0.44213867	-0.23427631
0.44238281	-0.29582233
0.44262695	-0.22512099
0.44287109	-0.22557008
0.44311523	-0.26616281
0.44335938	-0.29837657
0.44360352	-0.31328910
0.44384766	-0.32842154
0.44409180	-0.32174475
0.44433594	-0.32974157
0.44458008	-0.34783933
0.44482422	-0.37097624
0.44506836	-0.35228269
0.44531250	-0.37605540
0.44555664	-0.39184217
0.44580078	-0.35564889
0.44604492	-0.33081567
0.44628906	-0.34752832
0.44653320	-0.35734929
0.44677734	-0.34229068
0.44702148	-0.37986169
0.44726562	-0.43918916
0.44750977	-0.44600279
0.44775391	-0.41294121
0.44799805	-0.40294273
0.44824219	-0.38576327
0.44848633	-0.38656033
0.44873047	-0.35959779
0.44897461	-0.33575276
0.44921875	-0.34851411
0.44946289	-0.31842973
0.44970703	-0.31368734
0.44995117	-0.37507059
0.45019531	-0.33767015
0.45043945	-0.32988400
0.45068359	-0.32059242
0.45092773	-0.31293518
0.45117188	-0.30218019
0.45141602	-0.30345751
0.45166016	-0.33577722
0.45190430	-0.33462439
0.45214844	-0.31058043
0.45239258	-0.29335506
0.45263672	-0.32376589
0.45288086	-0.35626769
0.45312500	-0.37647198
0.45336914	-0.40188717
0.45361328	-0.41257707
0.45385742	-0.42069283
0.45410156	-0.41534840
0.45434570	-0.35861164
0.45458984	-0.33718137
0.45483398	-0.34889438
0.45507812	-0.34506961
0.45532227	-0.31334797
0.45556641	-0.28152957
0.45581055	-0.25548598
0.45605469	-0.25272859
0.45629883	-0.20152030
0.45654297	-0.22459894
0.45678711	-0.19796478
0.45703125	-0.25653284
0.45727539	-0.23289882
0.45751953	-0.20597961
0.45776367	-0.23392311
0.45800781	-0.21230669
0.45825195	-0.28583609
0.45849609	-0.33738710
0.45874023	-0.31799175
0.45898438	-0.26440063
0.45922852	-0.19196430
0.45947266	-0.23290177
0.45971680	-0.20008862
0.45996094	-0.26218646
0.46020508	-0.30746142
0.46044922	-0.29213926
0.46069336	-0.27732173
0.46093750	-0.26994730
0.46118164	-0.24634877
0.46142578	-0.23274641
0.46166992	-0.27400041
0.46191406	-0.28024970
0.46215820	-0.31193282
0.46240234	-0.29102378
0.46264648	-0.30243440
0.46289062	-0.30768648
0.46313477	-0.30600971
0.46337891	-0.27674556
0.46362305	-0.32698866
0.46386719	-0.35858545
0.46411133	-0.38030617
0.46435547	-0.39256929
0.46459961	-0.35080119
0.46484375	-0.36851210
0.46508789	-0.38325814
0.46533203	-0.39522126
0.46557617	-0.37677214
0.46582031	-0.39580329
0.46606445	-0.38645772
0.46630859	-0.39889441
0.46655273	-0.43380874
0.46679688	-0.40747765
0.46704102	-0.41922300
0.46728516	-0.44103997
0.46752930	-0.42436109
0.46777344	-0.43996681
0.46801758	-0.46262533
0.46826172	-0.39143698
0.46850586	-0.38193939
0.46875000	-0.40908012
0.46899414	-0.41539648
0.46923828	-0.37194820
0.46948242	-0.33343975
0.46972656	-0.32100808
0.46997070	-0.32368143
0.47021484	-0.31744062
0.47045898	-0.28109824
0.47070312	-0.20402927
0.47094727	-0.23096395
0.47119141	-0.22876324
0.47143555	-0.24819802
0.47167969	-0.24298064
0.47192383	-0.21801490
0.47216797	-0.20878196
0.47241211	-0.19422539
0.47265625	-0.15972176
0.47290039	-0.13910382
0.47314453	-0.14762721
0.47338867	-0.13879454
0.47363281	-0.14670344
0.47387695	-0.15799455
0.47412109	-0.12474650
0.47436523	-0.09016396
0.47460938	-0.07881038
0.47485352	-0.13811388
0.47509766	-0.17463888
0.47534180	-0.21943114
0.47558594	-0.21607448
0.47583008	-0.23904279
0.47607422	-0.20795500
0.47631836	-0.19621722
0.47656250	-0.15142995
0.47680664	-0.14882971
0.47705078	-0.07891945
0.47729492	-0.06751283
0.47753906	-0.04057853
0.47778320	-0.05597856
0.47802734	-0.10548332
0.47827148	-0.11519131
0.47851562	-0.14628336
0.47875977	-0.14405948
0.47900391	-0.10396105
0.47924805	-0.11578339
0.47949219	-0.06953446
0.47973633	-0.04630871
0.47998047	-0.02887914
0.48022461	0.01890569
0.48046875	0.00792744
0.48071289	-0.00960729
0.48095703	-0.01964419
0.48120117	-0.04361356
0.48144531	-0.05499741
0.48168945	-0.06793507
0.48193359	-0.04342031
0.48217773	0.01379508
0.48242188	0.02925470
0.48266602	0.04608390
0.48291016	0.01731268
0.48315430	0.07994913
0.48339844	0.10854474
0.48364258	0.11924984
0.48388672	0.19515755
0.48413086	0.17260042
0.48437500	0.16461198
0.48461914	0.19035062
0.48486328	0.19918047
0.48510742	0.14404003
0.48535156	0.14033450
0.48559570	0.10117091
0.48583984	0.12170415
0.48608398	0.11371012
0.48632812	0.09479606
0.48657227	0.12225837
0.48681641	0.06373563
0.48706055	0.06397066
0.48730469	0.10503476
0.48754883	0.11677444
0.48779297	0.15015038
0.48803711	0.15900445
0.48828125	0.16960201
0.48852539	0.20579844
0.48876953	0.20227739
0.48901367	0.22834119
0.48925781	0.21369474
0.48950195	0.25755617
0.48974609	0.23229664
0.48999023	0.24744188
0.49023438	0.21716636
0.49047852	0.23890291
0.49072266	0.29355686
0.49096680	0.23269634
0.49121094	0.26455511
0.49145508	0.35016699
0.49169922	0.35638467
0.49194336	0.40666908
0.49218750	0.42399662
0.49243164	0.41599698
0.49267578	0.40902734
0.49291992	0.40127516
0.49316406	0.39340273
0.49340820	0.39898677
0.49365234	0.40604518
0.49389648	0.35765874
0.49414062	0.35708261
0.49438477	0.37314600
0.49462891	0.39576631
0.49487305	0.40799672
0.49511719	0.37855352
0.49536133	0.31983811
0.49560547	0.37198465
0.49584961	0.35189706
0.49609375	0.34686333
0.49633789	0.31067637
0.49658203	0.32940313
0.49682617	0.28515895
0.49707031	0.26699822
0.49731445	0.28350701
0.49755859	0.31209545
0.49780273	0.27277457
0.49804688	0.20633446
0.49829102	0.18135719
0.49853516	0.21418361
0.49877930	0.24146828
0.49902344	0.22722956
0.49926758	0.18487204
0.49951172	0.20042657
0.49975586	0.22039144
0.50000000	0.19568580
0.50024414	0.23117056
0.50048828	0.27262575
0.50073242	0.24846370
0.50097656	0.26525144
0.50122070	0.33036160
0.50146484	0.32654486
0.50170898	0.41101235
0.50195312	0.41874789
0.50219727	0.40501405
0.50244141	0.47303248
0.50268555	0.45357484
0.50292969	0.48033029
0.50317383	0.48942527
0.50341797	0.51235727
0.50366211	0.50223493
0.50390625	0.48185352
0.50415039	0.50195158
0.50439453	0.58204625
0.50463867	0.58057999
0.50488281	0.56172998
0.50512695	0.56962140
0.50537109	0.56147852
0.50561523	0.60732470
0.50585938	0.59839632
0.50610352	0.59638682
0.50634766	0.60447443
0.50659180	0.56663645
0.50683594	0.56290303
0.50708008	0.56750200
0.50732422	0.60858994
0.50756836	0.52891065
0.50781250	0.47989238
0.50805664	0.49582385
0.50830078	0.43930088
0.50854492	0.44151887
0.50878906	0.46534930
0.50903320	0.43107659
0.50927734	0.45831185
0.50952148	0.45724470
0.50976562	0.41605905
0.51000977	0.42993128
0.51025391	0.45046980
0.51049805	0.44568439
0.51074219	0.45163579
0.51098633	0.44887194
0.51123047	0.43798235
0.51147461	0.41733614
0.51171875	0.40569058
0.51196289	0.46889572
0.51220703	0.42683339
0.51245117	0.46045725
0.51269531	0.47983209
0.51293945	0.53274100
0.51318359	0.59518283
0.51342773	0.57762043
0.51367188	0.56628489
0.51391602	0.61254094
0.51416016	0.57693201
0.51440430	0.59379873
0.51464844	0.56555937
0.51489258	0.59755883
0.51513672	0.54900008
0.51538086	0.59028514
0.51562500	0.60507329
0.51586914	0.62588402
0.51611328	0.59877025
0.51635742	0.66039749
0.51660156	0.63515403
0.51684570	0.64098563
0.51708984	0.66379812
0.51733398	0.66541903
0.51757812	0.69295124
0.51782227	0.71558416
0.51806641	0.71864219
0.51831055	0.70994765
0.51855469	0.70237262
0.51879883	0.71863909
0.51904297	0.73630006
0.51928711	0.74995389
0.51953125	0.76689372
0.51977539	0.74694898
0.52001953	0.79491246
0.52026367	0.80789488
0.52050781	0.78130551
0.52075195	0.77612463
0.52099609	0.77427056
0.52124023	0.76156729
0.52148438	0.74745356
0.52172852	0.70802061
0.52197266	0.79087321
0.52221680	0.81927548
0.52246094	0.85231186
0.52270508	0.91050337
0.52294922	0.89934690
0.52319336	0.90959043
0.52343750	0.89847705
0.52368164	0.84568152
0.52392578	0.83736852
0.52416992	0.76785165
0.52441406	0.78834907
0.52465820	0.73216198
0.52490234	0.76413782
0.52514648	0.79350152
0.52539062	0.74071889
0.52563477	0.75424727
0.52587891	0.74241657
0.52612305	0.70588777
0.52636719	0.73042169
0.52661133	0.71231020
0.52685547	0.71551050
0.52709961	0.67686110
0.52734375	0.66936131
0.52758789	0.68421089
0.52783203	0.69537691
0.52807617	0.71919826
0.52832031	0.72044991
0.52856445	0.72702528
0.52880859	0.70072470
0.52905273	0.66252051
0.52929688	0.63446507
0.52954102	0.58839318
0.52978516	0.53783045
0.53002930	0.53362493
0.53027344	0.54087459
0.53051758	0.55733899
0.53076172	0.51377514
0.53100586	0.45584099
0.53125000	0.44094819
0.53149414	0.33532164
0.53173828	0.29857213
0.53198242	0.26989598
0.53222656	0.26477084
0.53247070	0.23245435
0.53271484	0.22303529
0.53295898	0.25009867
0.53320312	0.26496976
0.53344727	0.23421164
0.53369141	0.26996545
0.53393555	0.23834853
0.53417969	0.23204979
0.53442383	0.21960291
0.53466797	0.19304662
0.53491211	0.18559420
0.53515625	0.19800029
0.53540039	0.19150954
0.53564453	0.19397243
0.53588867	0.17895956
0.53613281	0.21785188
0.53637695	0.26678469
0.53662109	0.31452715
0.53686523	0.32363927
0.53710938	0.28014867
0.53735352	0.28855233
0.53759766	0.30425776
0.53784180	0.30235786
0.53808594	0.32396699
0.53833008	0.32322290
0.53857422	0.29035963
0.53881836	0.26099679
0.53906250	0.23753322
0.53930664	0.23844409
0.53955078	0.25688805
0.53979492	0.21647219
0.54003906	0.22640131
0.54028320	0.20562673
0.54052734	0.19772278
0.54077148	0.21682632
0.54101562	0.19337793
0.54125977	0.16483595
0.54150391	0.18391743
0.54174805	0.15223816
0.54199219	0.13637865
0.54223633	0.13996813
0.54248047	0.13791059
0.54272461	0.18745962
0.54296875	0.18854283
0.54321289	0.18025472
0.54345703	0.18456836
0.54370117	0.18452780
0.54394531	0.20278464
0.54418945	0.18803377
0.54443359	0.20837282
0.54467773	0.19936825
0.54492188	0.14329400
0.54516602	0.14413657
0.54541016	0.16823171
0.54565430	0.13294931
0.54589844	0.10653463
0.54614258	0.07579842
0.54638672	0.09039275
0.54663086	0.14072684
0.54687500	0.14745254
0.54711914	0.10412194
0.54736328	0.14932268
0.54760742	0.14829360
0.54785156	0.14404680
0.54809570	0.10534351
0.54833984	0.09274750
0.54858398	0.07109926
0.54882812	0.10589414
0.54907227	0.09588207
0.54931641	0.11385953
0.54956055	0.16462681
0.54980469	0.18376504
0.55004883	0.16980149
0.55029297	0.15750006
0.55053711	0.14280738
0.55078125	0.12537467
0.55102539	0.17113735
0.55126953	0.15955864
0.55151367	0.13976169
0.55175781	0.12300864
0.55200195	0.11187734
0.55224609	0.12908753
0.55249023	0.11071266
0.55273438	0.10924058
0.55297852	0.11850127
0.55322266	0.08451084
0.55346680	0.06793482
0.55371094	0.08557463
0.55395508	0.12563390
0.55419922	0.14709143
0.55444336	0.10539322
0.55468750	0.13881952
0.55493164	0.11239181
0.55517578	0.18824583
0.55541992	0.24580353
0.55566406	0.24881433
0.55590820	0.23460488
0.55615234	0.25305683
0.55639648	0.21907555
0.55664062	0.19070693
0.55688477	0.21171713
0.55712891	0.23150608
0.55737305	0.14613246
0.55761719	0.11420457
0.55786133	0.14041256
0.55810547	0.09066314
0.55834961	0.10057264
0.55859375	0.10137743
0.55883789	0.12160915
0.55908203	0.12357345
0.55932617	0.09016178
0.55957031	0.10215637
0.55981445	0.09492314
0.56005859	0.11588238
0.56030273	0.07644917
0.56054688	0.05404330
0.56079102	0.09821558
0.56103516	0.08636962
0.56127930	0.05458773
0.56152344	0.06009963
0.56176758	0.06856191
0.56201172	0.11549224
0.56225586	0.08896645
0.56250000	0.10948420
0.56274414	0.07272342
0.56298828	0.12640503
0.56323242	0.12206625
0.56347656	0.08632846
0.56372070	0.06884809
0.56396484	0.12265789
0.56420898	0.10517151
0.56445312	0.14116317
0.56469727	0.17053107
0.56494141	0.18253587
0.56518555	0.16679683
0.56542969	0.13603187
0.56567383	0.10261533
0.56591797	0.06691400
0.56616211	0.00270025
0.56640625	0.01346834
0.56665039	-0.00338222
0.56689453	0.00825409
0.56713867	-0.00352588
0.56738281	-0.01352716
0.56762695	0.02879104
0.56787109	0.06240899
0.56811523	0.03770449
0.56835938	0.05472218
0.56860352	0.09247759
0.56884766	0.08078604
0.56909180	0.07661629
0.56933594	0.10000400
0.56958008	0.06147904
0.56982422	0.09849290
0.57006836	0.12115261
0.57031250	0.15267549
0.57055664	0.16841082
0.57080078	0.17793152
0.57104492	0.12274804
0.57128906	0.12387947
0.57153320	0.09283102
0.57177734	0.06211639
0.57202148	0.07800209
0.57226562	0.06526975
0.57250977	0.06754452
0.57275391	0.04085040
0.57299805	0.10045222
0.57324219	0.15873867
0.57348633	0.11967511
0.57373047	0.10162280
0.57397461	0.09555028
0.57421875	0.17692505
0.57446289	0.20636517
0.57470703	0.17589937
0.57495117	0.15477463
0.57519531	0.11000308
0.57543945	0.09692192
0.57568359	0.10753531
0.57592773	0.12557522
0.57617188	0.17556979
0.57641602	0.16743591
0.57666016	0.13887358
0.57690430	0.12606447
0.57714844	0.12096565
0.57739258	0.13670725
0.57763672	0.13960920
0.57788086	0.16651896
0.57812500	0.13677026
0.57836914	0.14572877
0.57861328	0.10921317
0.57885742	0.12570648
0.57910156	0.10883964
0.57934570	0.11468248
0.57958984	0.13837277
0.57983398	0.12517202
0.58007812	0.13344492
0.58032227	0.13609564
0.58056641	0.14446461
0.58081055	0.19213365
0.58105469	0.15238068
0.58129883	0.16398135
0.58154297	0.14367615
0.58178711	0.17887730
0.58203125	0.17633725
0.58227539	0.22811161
0.58251953	0.20342778
0.58276367	0.22156172
0.58300781	0.23230370
0.58325195	0.22256891
0.58349609	0.24919996
0.58374023	0.30593040
0.58398438	0.26387843
0.58422852	0.19816046
0.58447266	0.21720639
0.58471680	0.22625695
0.58496094	0.27058034
0.58520508	0.29233954
0.58544922	0.29416694
0.58569336	0.26557217
0.58593750	0.28780802
0.58618164	0.27392672
0.58642578	0.30589081
0.58666992	0.30709121
0.58691406	0.31658090
0.58715820	0.31598400
0.58740234	0.34576828
0.58764648	0.36074025
0.58789062	0.34438811
0.58813477	0.36320547
0.58837891	0.39726998
0.58862305	0.38989047
0.58886719	0.32478366
0.58911133	0.26629717
0.58935547	0.27134562
0.58959961	0.28286817
0.58984375	0.27516451
0.59008789	0.29091959
0.59033203	0.25832936
0.59057617	0.23974192
0.59082031	0.18374815
0.59106445	0.19407578
0.59130859	0.16509519
0.59155273	0.13616968
0.59179688	0.14699831
0.59204102	0.16168571
0.59228516	0.13681490
0.59252930	0.14903991
0.59277344	0.18562484
0.59301758	0.20043304
0.59326172	0.20871649
0.59350586	0.19965635
0.59375000	0.18163651
0.59399414	0.18277104
0.59423828	0.18082579
0.59448242	0.21352482
0.59472656	0.21176468
0.59497070	0.19467265
0.59521484	0.17856432
0.59545898	0.19909067
0.59570312	0.23909741
0.59594727	0.21466148
0.59619141	0.24922224
0.59643555	0.23170094
0.59667969	0.26573492
0.59692383	0.29303101
0.59716797	0.29758858
0.59741211	0.27882017
0.59765625	0.28827521
0.59790039	0.24643706
0.59814453	0.20687026
0.59838867	0.29949916
0.59863281	0.31631813
0.59887695	0.24077588
0.59912109	0.20383720
0.59936523	0.18355408
0.59960938	0.21187115
0.59985352	0.19199222
0.60009766	0.15931766
0.60034180	0.12748526
0.60058594	0.15082994
0.60083008	0.15984859
0.60107422	0.12505910
0.60131836	0.14582693
0.60156250	0.18883949
0.60180664	0.20884265
0.60205078	0.17341074
0.60229492	0.19653126
0.60253906	0.19809484
0.60278320	0.23583645
0.60302734	0.28656845
0.60327148	0.25618795
0.60351562	0.19425082
0.60375977	0.17593543
0.60400391	0.21827816
0.60424805	0.26411466
0.60449219	0.30410472
0.60473633	0.30635308
0.60498047	0.24886998
0.60522461	0.24347866
0.60546875	0.25307513
0.60571289	0.21986266
0.60595703	0.19685833
0.60620117	0.22520061
0.60644531	0.25719436
0.60668945	0.25658518
0.60693359	0.27293274
0.60717773	0.30095142
0.60742188	0.30007901
0.60766602	0.32246161
0.60791016	0.29064143
0.60815430	0.25784517
0.60839844	0.29258022
0.60864258	0.27854097
0.60888672	0.26959458
0.60913086	0.25957797
0.60937500	0.18947794
0.60961914	0.18030039
0.60986328	0.14035322
0.61010742	0.15777895
0.61035156	0.21024181
0.61059570	0.22410958
0.61083984	0.24196885
0.61108398	0.26696304
0.61132812	0.26679509
0.61157227	0.25359302
0.61181641	0.19491786
0.61206055	0.20020780
0.61230469	0.21365968
0.61254883	0.18162804
0.61279297	0.16066597
0.61303711	0.11588465
0.61328125	0.15095792
0.61352539	0.12753388
0.61376953	0.11559511
0.61401367	0.13291621
0.61425781	0.17951954
0.61450195	0.18409275
0.61474609	0.19865466
0.61499023	0.20573174
0.61523438	0.18495901
0.61547852	0.19238906
0.61572266	0.20369568
0.61596680	0.19916725
0.61621094	0.24579116
0.61645508	0.28011446
0.61669922	0.25364821
0.61694336	0.24751531
0.61718750	0.31625231
0.61743164	0.35193126
0.61767578	0.38154646
0.61791992	0.34101941
0.61816406	0.31336297
0.61840820	0.29172168
0.61865234	0.33463594
0.61889648	0.31767927
0.61914062	0.29344879
0.61938477	0.29845373
0.61962891	0.24824360
0.61987305	0.23214780
0.62011719	0.21527521
0.62036133	0.13966330
0.62060547	0.11277208
0.62084961	0.10222053
0.62109375	0.07065673
0.62133789	0.04637898
0.62158203	0.04549094
0.62182617	0.03658189
0.62207031	-0.03883545
0.62231445	-0.01690104
0.62255859	-0.03744999
0.62280273	-0.02524655
0.62304688	-0.04734299
0.62329102	-0.08458963
0.62353516	-0.04803887
0.62377930	-0.04923769
0.62402344	-0.07059575
0.62426758	-0.12021050
0.62451172	-0.12657438
0.62475586	-0.13764255
0.62500000	-0.12327103
0.62524414	-0.16565286
0.62548828	-0.19625914
0.62573242	-0.21464317
0.62597656	-0.20966423
0.62622070	-0.19316938
0.62646484	-0.21617377
0.62670898	-0.20959474
0.62695312	-0.23245913
0.62719727	-0.26137031
0.62744141	-0.29778422
0.62768555	-0.33103419
0.62792969	-0.35686607
0.62817383	-0.36476445
0.62841797	-0.38371304
0.62866211	-0.39239512
0.62890625	-0.42876898
0.62915039	-0.39260777
0.62939453	-0.42017501
0.62963867	-0.40313936
0.62988281	-0.38584134
0.63012695	-0.40903442
0.63037109	-0.42811685
0.63061523	-0.44101937
0.63085938	-0.44362299
0.63110352	-0.40169871
0.63134766	-0.41686433
0.63159180	-0.45057384
0.63183594	-0.47061706
0.63208008	-0.50201855
0.63232422	-0.51092483
0.63256836	-0.49232628
0.63281250	-0.49640753
0.63305664	-0.46262256
0.63330078	-0.41799352
0.63354492	-0.42963325
0.63378906	-0.43264992
0.63403320	-0.41371287
0.63427734	-0.45579702
0.63452148	-0.43254913
0.63476562	-0.43726542
0.63500977	-0.48758402
0.63525391	-0.51826918
0.63549805	-0.49359614
0.63574219	-0.46352286
0.63598633	-0.50445076
0.63623047	-0.53846244
0.63647461	-0.54237809
0.63671875	-0.56178896
0.63696289	-0.53534025
0.63720703	-0.49206348
0.63745117	-0.45566811
0.63769531	-0.45527476
0.63793945	-0.51641242
0.63818359	-0.50963229
0.63842773	-0.52947347
0.63867188	-0.54599561
0.63891602	-0.48059398
0.63916016	-0.45922545
0.63940430	-0.48275244
0.63964844	-0.48133505
0.63989258	-0.48261175
0.64013672	-0.51373740
0.64038086	-0.48799584
0.64062500	-0.48361074
0.64086914	-0.46438910
0.64111328	-0.49737775
0.64135742	-0.53135773
0.64160156	-0.54651468
0.64184570	-0.61441306
0.64208984	-0.57615649
0.64233398	-0.58727111
0.64257812	-0.57218532
0.64282227	-0.56815314
0.64306641	-0.61890490
0.64331055	-0.62672430
0.64355469	-0.64224410
0.64379883	-0.59385586
0.64404297	-0.54486652
0.64428711	-0.58105003
0.64453125	-0.57314382
0.64477539	-0.59478242
0.64501953	-0.62900392
0.64526367	-0.63218517
0.64550781	-0.67306518
0.64575195	-0.69423632
0.64599609	-0.72670300
0.64624023	-0.72069545
0.64648438	-0.70191962
0.64672852	-0.70673672
0.64697266	-0.68793564
0.64721680	-0.65013139
0.64746094	-0.65451453
0.64770508	-0.66735719
0.64794922	-0.63078968
0.64819336	-0.68137784
0.64843750	-0.70583369
0.64868164	-0.66991807
0.64892578	-0.66165949
0.64916992	-0.63187755
0.64941406	-0.58811049
0.64965820	-0.58987006
0.64990234	-0.65484307
0.65014648	-0.63800292
0.65039062	-0.63542446
0.65063477	-0.66071636
0.65087891	-0.62123982
0.65112305	-0.60790050
0.65136719	-0.58772439
0.65161133	-0.56938269
0.65185547	-0.57369804
0.65209961	-0.53587395
0.65234375	-0.51018920
0.65258789	-0.52239478
0.65283203	-0.54307918
0.65307617	-0.58618497
0.65332031	-0.57093993
0.65356445	-0.58789466
0.65380859	-0.57474812
0.65405273	-0.59519600
0.65429688	-0.59473660
0.65454102	-0.64131321
0.65478516	-0.64870221
0.65502930	-0.66609853
0.65527344	-0.62964230
0.65551758	-0.64989852
0.65576172	-0.65959420
0.65600586	-0.59766699
0.65625000	-0.52675563
0.65649414	-0.51928615
0.65673828	-0.52169742
0.65698242	-0.54150813
0.65722656	-0.52601570
0.65747070	-0.47406973
0.65771484	-0.50314852
0.65795898	-0.52807360
0.65820312	-0.53108334
0.65844727	-0.51982150
0.65869141	-0.51550339
0.65893555	-0.50855820
0.65917969	-0.52750282
0.65942383	-0.57748327
0.65966797	-0.61833632
0.65991211	-0.60187042
0.66015625	-0.54287191
0.66040039	-0.54111082
0.66064453	-0.54973947
0.66088867	-0.54990598
0.66113281	-0.57400448
0.66137695	-0.59864029
0.66162109	-0.59123752
0.66186523	-0.55135139
0.66210938	-0.52423942
0.66235352	-0.54063592
0.66259766	-0.48831214
0.66284180	-0.50626867
0.66308594	-0.53631054
0.66333008	-0.55123688
0.66357422	-0.59555709
0.66381836	-0.56475371
0.66406250	-0.53660961
0.66430664	-0.47475858
0.66455078	-0.51797001
0.66479492	-0.52105330
0.66503906	-0.49238355
0.66528320	-0.48478795
0.66552734	-0.46058576
0.66577148	-0.46030269
0.66601562	-0.42473419
0.66625977	-0.47563503
0.66650391	-0.48292690
0.66674805	-0.51091464
0.66699219	-0.53243441
0.66723633	-0.53047033
0.66748047	-0.54318757
0.66772461	-0.50481341
0.66796875	-0.51413345
0.66821289	-0.52142704
0.66845703	-0.52757556
0.66870117	-0.47129734
0.66894531	-0.45302254
0.66918945	-0.44937155
0.66943359	-0.48091238
0.66967773	-0.42858578
0.66992188	-0.44377656
0.67016602	-0.49146071
0.67041016	-0.47426806
0.67065430	-0.49831689
0.67089844	-0.50631780
0.67114258	-0.54856393
0.67138672	-0.53569309
0.67163086	-0.54373948
0.67187500	-0.53177528
0.67211914	-0.56497305
0.67236328	-0.53856376
0.67260742	-0.54411249
0.67285156	-0.55499759
0.67309570	-0.57502530
0.67333984	-0.58206433
0.67358398	-0.62199045
0.67382812	-0.63680029
0.67407227	-0.61612609
0.67431641	-0.64268811
0.67456055	-0.65692338
0.67480469	-0.69363738
0.67504883	-0.67927229
0.67529297	-0.67107570
0.67553711	-0.66035274
0.67578125	-0.60988327
0.67602539	-0.59865131
0.67626953	-0.60450345
0.67651367	-0.58758786
0.67675781	-0.61053096
0.67700195	-0.61444036
0.67724609	-0.61740239
0.67749023	-0.59365462
0.67773438	-0.60925020
0.67797852	-0.57672180
0.67822266	-0.55594892
0.67846680	-0.51696948
0.67871094	-0.52617419
0.67895508	-0.55636996
0.67919922	-0.55819599
0.67944336	-0.54807371
0.67968750	-0.53210924
0.67993164	-0.51684588
0.68017578	-0.58058385
0.68041992	-0.63264652
0.68066406	-0.60362976
0.68090820	-0.59879071
0.68115234	-0.57417046
0.68139648	-0.51643149
0.68164062	-0.50922102
0.68188477	-0.49107999
0.68212891	-0.43569623
0.68237305	-0.46729571
0.68261719	-0.49332386
0.68286133	-0.46249996
0.68310547	-0.36646088
0.68334961	-0.42058570
0.68359375	-0.38949646
0.68383789	-0.40249629
0.68408203	-0.46878327
0.68432617	-0.45131372
0.68457031	-0.43501947
0.68481445	-0.41010942
0.68505859	-0.36666296
0.68530273	-0.37657117
0.68554688	-0.36056838
0.68579102	-0.42527995
0.68603516	-0.42174871
0.68627930	-0.42205926
0.68652344	-0.42421762
0.68676758	-0.40964185
0.68701172	-0.41710202
0.68725586	-0.41569272
0.68750000	-0.45605591
0.68774414	-0.45902651
0.68798828	-0.47410619
0.68823242	-0.44097419
0.68847656	-0.49518215
0.68872070	-0.51512505
0.68896484	-0.54523882
0.68920898	-0.57738017
0.68945312	-0.59959374
0.68969727	-0.58941978
0.68994141	-0.57403285
0.69018555	-0.61918163
0.69042969	-0.66855834
0.69067383	-0.65463717
0.69091797	-0.65079286
0.69116211	-0.62875777
0.69140625	-0.63477524
0.69165039	-0.65587014
0.69189453	-0.67441297
0.69213867	-0.64771697
0.69238281	-0.69407880
0.69262695	-0.71989731
0.69287109	-0.71500772
0.69311523	-0.71970289
0.69335938	-0.71066923
0.69360352	-0.69667169
0.69384766	-0.72659759
0.69409180	-0.72159478
0.69433594	-0.77327112
0.69458008	-0.77939490
0.69482422	-0.73680662
0.69506836	-0.74158553
0.69531250	-0.76398536
0.69555664	-0.72842714
0.69580078	-0.74537710
0.69604492	-0.69901196
0.69628906	-0.64963199
0.69653320	-0.66439498
0.69677734	-0.70148267
0.69702148	-0.71551248
0.69726562	-0.72252343
0.69750977	-0.70717363
0.69775391	-0.69094435
0.69799805	-0.62820325
0.69824219	-0.64464024
0.69848633	-0.62656831
0.69873047	-0.59546176
0.69897461	-0.59206152
0.69921875	-0.56553410
0.69946289	-0.60855023
0.69970703	-0.60162717
0.69995117	-0.65001237
0.70019531	-0.65678704
0.70043945	-0.60156370
0.70068359	-0.60816613
0.70092773	-0.57545487
0.70117188	-0.54528166
0.70141602	-0.51190200
0.70166016	-0.56789042
0.70190430	-0.50981877
0.70214844	-0.48067698
0.70239258	-0.54818705
0.70263672	-0.51906386
0.70288086	-0.57878021
0.70312500	-0.58466604
0.70336914	-0.56441104
0.70361328	-0.56811132
0.70385742	-0.59387630
0.70410156	-0.60936760
0.70434570	-0.58926164
0.70458984	-0.55882965
0.70483398	-0.57597877
0.70507812	-0.54742225
0.70532227	-0.58334740
0.70556641	-0.62155715
0.70581055	-0.63018753
0.70605469	-0.63197840
0.70629883	-0.64897870
0.70654297	-0.61561552
0.70678711	-0.59129146
0.70703125	-0.58158361
0.70727539	-0.57240417
0.70751953	-0.49556985
0.70776367	-0.52993935
0.70800781	-0.54489771
0.70825195	-0.51148911
0.70849609	-0.53860703
0.70874023	-0.54542754
0.70898438	-0.57876879
0.70922852	-0.64793585
0.70947266	-0.66530370
0.70971680	-0.67877676
0.70996094	-0.71201158
0.71020508	-0.68674711
0.71044922	-0.70064405
0.71069336	-0.73557294
0.71093750	-0.76903470
0.71118164	-0.78526785
0.71142578	-0.79248435
0.71166992	-0.80652128
0.71191406	-0.77918828
0.71215820	-0.75090550
0.71240234	-0.77609483
0.71264648	-0.79038036
0.71289062	-0.81383940
0.71313477	-0.81340776
0.71337891	-0.82587642
0.71362305	-0.84523233
0.71386719	-0.83121439
0.71411133	-0.86997700
0.71435547	-0.83982186
0.71459961	-0.80807155
0.71484375	-0.79898058
0.71508789	-0.82617217
0.71533203	-0.80461505
0.71557617	-0.79135726
0.71582031	-0.73757080
0.71606445	-0.73160030
0.71630859	-0.75237018
0.71655273	-0.78134219
0.71679688	-0.78468210
0.71704102	-0.79388639
0.71728516	-0.74535687
0.71752930	-0.76813091
0.71777344	-0.76032169
0.71801758	-0.75871984
0.71826172	-0.77494345
0.71850586	-0.79002087
0.71875000	-0.74381458
0.71899414	-0.74719874
0.71923828	-0.77462642
0.71948242	-0.76561447
0.71972656	-0.76556264
0.71997070	-0.76425390
0.72021484	-0.77792738
0.72045898	-0.79410827
0.72070312	-0.81363068
0.72094727	-0.77701628
0.72119141	-0.80374798
0.72143555	-0.81879299
0.72167969	-0.86614118
0.72192383	-0.85492346
0.72216797	-0.84876635
0.72241211	-0.73902620
0.72265625	-0.72804618
0.72290039	-0.66617259
0.72314453	-0.64039606
0.72338867	-0.66063686
0.72363281	-0.61363310
0.72387695	-0.58757402
0.72412109	-0.60929217
0.72436523	-0.60224779
0.72460938	-0.64355178
0.72485352	-0.65186780
0.72509766	-0.65274923
0.72534180	-0.63223248
0.72558594	-0.59495451
0.72583008	-0.57383725
0.72607422	-0.58289711
0.72631836	-0.58141975
0.72656250	-0.53610308
0.72680664	-0.58831102
0.72705078	-0.57826862
0.72729492	-0.60604551
0.72753906	-0.59570189
0.72778320	-0.61065487
0.72802734	-0.60335987
0.72827148	-0.60857131
0.72851562	-0.60036961
0.72875977	-0.58317374
0.72900391	-0.59064730
0.72924805	-0.50034717
0.72949219	-0.51698491
0.72973633	-0.57436774
0.72998047	-0.60487692
0.73022461	-0.62164448
0.73046875	-0.59415086
0.73071289	-0.63007978
0.73095703	-0.67701243
0.73120117	-0.69360395
0.73144531	-0.71454003
0.73168945	-0.68100598
0.73193359	-0.74196932
0.73217773	-0.72702119
0.73242188	-0.72218213
0.73266602	-0.69913306
0.73291016	-0.71748886
0.73315430	-0.65982778
0.73339844	-0.70428307
0.73364258	-0.67010689
0.73388672	-0.72551261
0.73413086	-0.72673814
0.73437500	-0.73855016
0.73461914	-0.72635062
0.73486328	-0.64883124
0.73510742	-0.62585767
0.73535156	-0.64397126
0.73559570	-0.65915153
0.73583984	-0.64319261
0.73608398	-0.64046071
0.73632812	-0.69473330
0.73657227	-0.66635099
0.73681641	-0.66853143
0.73706055	-0.63549440
0.73730469	-0.61903739
0.73754883	-0.63833908
0.73779297	-0.60290912
0.73803711	-0.61726988
0.73828125	-0.55000932
0.73852539	-0.56898474
0.73876953	-0.56112702
0.73901367	-0.51046499
0.73925781	-0.52095525
0.73950195	-0.55224337
0.73974609	-0.60211781
0.73999023	-0.64092188
0.74023438	-0.64800388
0.74047852	-0.65669763
0.74072266	-0.65936389
0.74096680	-0.68226833
0.74121094	-0.68546240
0.74145508	-0.68037862
0.74169922	-0.65063781
0.74194336	-0.73453796
0.74218750	-0.68973452
0.74243164	-0.66446964
0.74267578	-0.66809092
0.74291992	-0.65777682
0.74316406	-0.63352148
0.74340820	-0.57196952
0.74365234	-0.57154813
0.74389648	-0.54296266
0.74414062	-0.55511687
0.74438477	-0.53930017
0.74462891	-0.58073190
0.74487305	-0.59436976
0.74511719	-0.61614236
0.74536133	-0.58656173
0.74560547	-0.58484208
0.74584961	-0.54792298
0.74609375	-0.55329041
0.74633789	-0.56590955
0.74658203	-0.59088173
0.74682617	-0.61522249
0.74707031	-0.57447530
0.74731445	-0.52764371
0.74755859	-0.56713847
0.74780273	-0.60043858
0.74804688	-0.65055678
0.74829102	-0.69108230
0.74853516	-0.69538525
0.74877930	-0.66732173
0.74902344	-0.63120651
0.74926758	-0.62664651
0.74951172	-0.59809298
0.74975586	-0.60299883
0.75000000	-0.62055886
0.75024414	-0.55841571
0.75048828	-0.60648092
0.75073242	-0.60478117
0.75097656	-0.63012351
0.75122070	-0.61089626
0.75146484	-0.67136595
0.75170898	-0.66525751
0.75195312	-0.65578517
0.75219727	-0.63196852
0.75244141	-0.59671476
0.75268555	-0.64296807
0.75292969	-0.65433099
0.75317383	-0.65160910
0.75341797	-0.67118760
0.75366211	-0.67139358
0.75390625	-0.65641394
0.75415039	-0.67265468
0.75439453	-0.64739105
0.75463867	-0.63294566
0.75488281	-0.63988720
0.75512695	-0.67983222
0.75537109	-0.69291032
0.75561523	-0.74908801
0.75585938	-0.74151222
0.75610352	-0.72620375
0.75634766	-0.71240706
0.75659180	-0.69711241
0.75683594	-0.67923088
0.75708008	-0.66228692
0.75732422	-0.62283553
0.75756836	-0.64826467
0.75781250	-0.65529825
0.75805664	-0.65841190
0.75830078	-0.62391176
0.75854492	-0.61329039
0.75878906	-0.59573948
0.75903320	-0.58891887
0.75927734	-0.60613700
0.75952148	-0.56949365
0.75976562	-0.61043716
0.76000977	-0.60143397
0.76025391	-0.59809882
0.76049805	-0.62935934
0.76074219	-0.64882837
0.76098633	-0.69740130
0.76123047	-0.73935770
0.76147461	-0.73858092
0.76171875	-0.72309101
0.76196289	-0.73125013
0.76220703	-0.72329207
0.76245117	-0.67446804
0.76269531	-0.64991247
0.76293945	-0.63861423
0.76318359	-0.63655006
0.76342773	-0.66771101
0.76367188	-0.65346212
0.76391602	-0.65490617
0.76416016	-0.61546170
0.76440430	-0.58153786
0.76464844	-0.60778834
0.76489258	-0.60480853
0.76513672	-0.59662529
0.76538086	-0.63349225
0.76562500	-0.59984269
0.76586914	-0.65678082
0.76611328	-0.68915348
0.76635742	-0.62137543
0.76660156	-0.65209912
0.76684570	-0.67372488
0.76708984	-0.64156570
0.76733398	-0.64769725
0.76757812	-0.69491100
0.76782227	-0.70491306
0.76806641	-0.69169096
0.76831055	-0.63371607
0.76855469	-0.58916222
0.76879883	-0.58955364
0.76904297	-0.57942562
0.76928711	-0.53127739
0.76953125	-0.54879295
0.76977539	-0.58656801
0.77001953	-0.60713019
0.77026367	-0.61512533
0.77050781	-0.62668100
0.77075195	-0.61161656
0.77099609	-0.62571199
0.77124023	-0.63068479
0.77148438	-0.64550617
0.77172852	-0.66468044
0.77197266	-0.62142933
0.77221680	-0.62713515
0.77246094	-0.63445615
0.77270508	-0.67391105
0.77294922	-0.66428591
0.77319336	-0.65313575
0.77343750	-0.68949064
0.77368164	-0.67972364
0.77392578	-0.62960272
0.77416992	-0.60165852
0.77441406	-0.62572002
0.77465820	-0.68039914
0.77490234	-0.62965049
0.77514648	-0.58855859
0.77539062	-0.56114677
0.77563477	-0.56365300
0.77587891	-0.51134432
0.77612305	-0.51019329
0.77636719	-0.51680168
0.77661133	-0.51908895
0.77685547	-0.52090729
0.77709961	-0.50569797
0.77734375	-0.50383631
0.77758789	-0.52260824
0.77783203	-0.54166642
0.77807617	-0.50809054
0.77832031	-0.52518561
0.77856445	-0.52681781
0.77880859	-0.56513240
0.77905273	-0.59293303
0.77929688	-0.61595284
0.77954102	-0.56821542
0.77978516	-0.59708240
0.78002930	-0.61195245
0.78027344	-0.59314102
0.78051758	-0.58825307
0.78076172	-0.59701925
0.78100586	-0.55961926
0.78125000	-0.52064154
0.78149414	-0.50703990
0.78173828	-0.52412364
0.78198242	-0.58484813
0.78222656	-0.54290272
0.78247070	-0.52308376
0.78271484	-0.50649047
0.78295898	-0.50881738
0.78320312	-0.51720301
0.78344727	-0.54465991
0.78369141	-0.54921068
0.78393555	-0.53127990
0.78417969	-0.56314649
0.78442383	-0.54449728
0.78466797	-0.56364885
0.78491211	-0.58827047
0.78515625	-0.56925836
0.78540039	-0.50053730
0.78564453	-0.50367854
0.78588867	-0.46128401
0.78613281	-0.42834179
0.78637695	-0.37385829
0.78662109	-0.39564540
0.78686523	-0.38896752
0.78710938	-0.41147022
0.78735352	-0.43484896
0.78759766	-0.44538577
0.78784180	-0.43485172
0.78808594	-0.44597324
0.78833008	-0.42913358
0.78857422	-0.41502558
0.78881836	-0.46930854
0.78906250	-0.51442428
0.78930664	-0.46870372
0.78955078	-0.45314636
0.78979492	-0.50368213
0.79003906	-0.45324238
0.79028320	-0.44719865
0.79052734	-0.41265007
0.79077148	-0.40454825
0.79101562	-0.40821815
0.79125977	-0.41201119
0.79150391	-0.43033301
0.79174805	-0.42287440
0.79199219	-0.42710852
0.79223633	-0.51327850
0.79248047	-0.52389067
0.79272461	-0.52188363
0.79296875	-0.52928230
0.79321289	-0.51674876
0.79345703	-0.54700501
0.79370117	-0.49870997
0.79394531	-0.51360018
0.79418945	-0.50273783
0.79443359	-0.48348618
0.79467773	-0.51076572
0.79492188	-0.49886561
0.79516602	-0.51180734
0.79541016	-0.49983021
0.79565430	-0.50069362
0.79589844	-0.53897924
0.79614258	-0.54883676
0.79638672	-0.52670354
0.79663086	-0.49738653
0.79687500	-0.44951771
0.79711914	-0.45556262
0.79736328	-0.47240573
0.79760742	-0.48993629
0.79785156	-0.43494191
0.79809570	-0.44056448
0.79833984	-0.48162141
0.79858398	-0.43135402
0.79882812	-0.44291791
0.79907227	-0.49582529
0.79931641	-0.45029916
0.79956055	-0.44821203
0.79980469	-0.41051576
0.80004883	-0.38170293
0.80029297	-0.37342072
0.80053711	-0.40131327
0.80078125	-0.40643411
0.80102539	-0.39731653
0.80126953	-0.35847913
0.80151367	-0.36641012
0.80175781	-0.40824293
0.80200195	-0.44240117
0.80224609	-0.46328398
0.80249023	-0.48126344
0.80273438	-0.47243379
0.80297852	-0.47404938
0.80322266	-0.53251669
0.80346680	-0.52195104
0.80371094	-0.54700427
0.80395508	-0.49682612
0.80419922	-0.49183502
0.80444336	-0.51129128
0.80468750	-0.50836023
0.80493164	-0.47302112
0.80517578	-0.47979454
0.80541992	-0.50758967
0.80566406	-0.46954216
0.80590820	-0.46319319
0.80615234	-0.48399980
0.80639648	-0.47335616
0.80664062	-0.46164644
0.80688477	-0.47376273
0.80712891	-0.47706286
0.80737305	-0.49355701
0.80761719	-0.54332955
0.80786133	-0.52400373
0.80810547	-0.55341893
0.80834961	-0.52912794
0.80859375	-0.48011311
0.80883789	-0.49730937
0.80908203	-0.48207570
0.80932617	-0.44849471
0.80957031	-0.41326709
0.80981445	-0.38167407
0.81005859	-0.33227210
0.81030273	-0.36403410
0.81054688	-0.34384608
0.81079102	-0.38165974
0.81103516	-0.40893872
0.81127930	-0.43612092
0.81152344	-0.40107388
0.81176758	-0.38081640
0.81201172	-0.39518910
0.81225586	-0.37923059
0.81250000	-0.38742341
0.81274414	-0.35260294
0.81298828	-0.37580951
0.81323242	-0.36668503
0.81347656	-0.40715419
0.81372070	-0.41658452
0.81396484	-0.48742148
0.81420898	-0.45242896
0.81445312	-0.44097212
0.81469727	-0.45922835
0.81494141	-0.45245768
0.81518555	-0.49902509
0.81542969	-0.48341655
0.81567383	-0.51298610
0.81591797	-0.51342895
0.81616211	-0.52086563
0.81640625	-0.53014687
0.81665039	-0.47335831
0.81689453	-0.45649922
0.81713867	-0.48572986
0.81738281	-0.45369052
0.81762695	-0.42547048
0.81787109	-0.47977694
0.81811523	-0.48406676
0.81835938	-0.49149774
0.81860352	-0.49205507
0.81884766	-0.48748014
0.81909180	-0.44061171
0.81933594	-0.50999981
0.81958008	-0.50895273
0.81982422	-0.51912811
0.82006836	-0.45278044
0.82031250	-0.43389366
0.82055664	-0.45792465
0.82080078	-0.54038754
0.82104492	-0.56647330
0.82128906	-0.51144658
0.82153320	-0.51082975
0.82177734	-0.54705667
0.82202148	-0.55177602
0.82226562	-0.57468568
0.82250977	-0.56601689
0.82275391	-0.58552356
0.82299805	-0.56019872
0.82324219	-0.57196419
0.82348633	-0.59592567
0.82373047	-0.62970333
0.82397461	-0.62009108
0.82421875	-0.61366174
0.82446289	-0.61065831
0.82470703	-0.62790932
0.82495117	-0.62748700
0.82519531	-0.61936083
0.82543945	-0.64333386
0.82568359	-0.64504546
0.82592773	-0.57729350
0.82617188	-0.55847343
0.82641602	-0.54165709
0.82666016	-0.55949347
0.82690430	-0.55611319
0.82714844	-0.52874480
0.82739258	-0.55249265
0.82763672	-0.64124330
0.82788086	-0.61329109
0.82812500	-0.63855748
0.82836914	-0.62147574
0.82861328	-0.61624189
0.82885742	-0.66121798
0.82910156	-0.61667969
0.82934570	-0.60783521
0.82958984	-0.60470430
0.82983398	-0.56262589
0.83007812	-0.60753932
0.83032227	-0.53991238
0.83056641	-0.54957075
0.83081055	-0.55886633
0.83105469	-0.52549786
0.83129883	-0.55652874
0.83154297	-0.55364333
0.83178711	-0.51962543
0.83203125	-0.55592408
0.83227539	-0.53097003
0.83251953	-0.50210479
0.83276367	-0.49211642
0.83300781	-0.49647074
0.83325195	-0.49218747
0.83349609	-0.51467579
0.83374023	-0.52361870
0.83398438	-0.52652651
0.83422852	-0.47298450
0.83447266	-0.49033560
0.83471680	-0.47261441
0.83496094	-0.47925702
0.83520508	-0.48543188
0.83544922	-0.41822292
0.83569336	-0.40244283
0.83593750	-0.43493857
0.83618164	-0.37294023
0.83642578	-0.35950345
0.83666992	-0.37305462
0.83691406	-0.36687414
0.83715820	-0.35852312
0.83740234	-0.34984483
0.83764648	-0.36716252
0.83789062	-0.37089643
0.83813477	-0.35696905
0.83837891	-0.39389733
0.83862305	-0.42233490
0.83886719	-0.41357149
0.83911133	-0.39435625
0.83935547	-0.41078513
0.83959961	-0.48537301
0.83984375	-0.43311793
0.84008789	-0.40126415
0.84033203	-0.38509068
0.84057617	-0.40894331
0.84082031	-0.41539276
0.84106445	-0.40993386
0.84130859	-0.42670953
0.84155273	-0.45718644
0.84179688	-0.44780264
0.84204102	-0.42064867
0.84228516	-0.41762669
0.84252930	-0.38654483
0.84277344	-0.42519584
0.84301758	-0.38304763
0.84326172	-0.36849804
0.84350586	-0.37740721
0.84375000	-0.32146888
0.84399414	-0.31134073
0.84423828	-0.28792951
0.84448242	-0.32427308
0.84472656	-0.36177419
0.84497070	-0.33361083
0.84521484	-0.30430079
0.84545898	-0.31688237
0.84570312	-0.31095415
0.84594727	-0.29878067
0.84619141	-0.28708803
0.84643555	-0.25335450
0.84667969	-0.19521047
0.84692383	-0.16668792
0.84716797	-0.17695637
0.84741211	-0.19537693
0.84765625	-0.22165025
0.84790039	-0.24582354
0.84814453	-0.20707964
0.84838867	-0.22847673
0.84863281	-0.24661401
0.84887695	-0.21370941
0.84912109	-0.20186004
0.84936523	-0.19367875
0.84960938	-0.22480930
0.84985352	-0.24057979
0.85009766	-0.19149532
0.85034180	-0.13608263
0.85058594	-0.17815169
0.85083008	-0.18771445
0.85107422	-0.16088644
0.85131836	-0.12114518
0.85156250	-0.11972938
0.85180664	-0.19586344
0.85205078	-0.17223713
0.85229492	-0.13458342
0.85253906	-0.14397961
0.85278320	-0.12297071
0.85302734	-0.16600655
0.85327148	-0.21006602
0.85351562	-0.22048575
0.85375977	-0.23701308
0.85400391	-0.29750026
0.85424805	-0.21712403
0.85449219	-0.18270838
0.85473633	-0.18607071
0.85498047	-0.30135205
0.85522461	-0.20158868
0.85546875	-0.17933355
0.85571289	-0.19115896
0.85595703	-0.22433164
0.85620117	-0.22236117
0.85644531	-0.24011507
0.85668945	-0.26099540
0.85693359	-0.30824993
0.85717773	-0.24136351
0.85742188	-0.23716755
0.85766602	-0.20465133
0.85791016	-0.23058881
0.85815430	-0.23152785
0.85839844	-0.26793335
0.85864258	-0.26981668
0.85888672	-0.27156560
0.85913086	-0.25031666
0.85937500	-0.29045716
0.85961914	-0.30575809
0.85986328	-0.32703171
0.86010742	-0.33853186
0.86035156	-0.28658465
0.86059570	-0.28828398
0.86083984	-0.32616137
0.86108398	-0.37421543
0.86132812	-0.37669909
0.86157227	-0.38712787
0.86181641	-0.35952046
0.86206055	-0.39211941
0.86230469	-0.38921611
0.86254883	-0.36361028
0.86279297	-0.42452859
0.86303711	-0.46629713
0.86328125	-0.50904064
0.86352539	-0.45446296
0.86376953	-0.44563212
0.86401367	-0.48245695
0.86425781	-0.46897788
0.86450195	-0.45041109
0.86474609	-0.45720898
0.86499023	-0.44148513
0.86523438	-0.48106729
0.86547852	-0.46586063
0.86572266	-0.50298953
0.86596680	-0.47768135
0.86621094	-0.45592129
0.86645508	-0.50947493
0.86669922	-0.51788396
0.86694336	-0.54133062
0.86718750	-0.52686994
0.86743164	-0.53613385
0.86767578	-0.60293613
0.86791992	-0.53646585
0.86816406	-0.52921967
0.86840820	-0.53661536
0.86865234	-0.53765223
0.86889648	-0.48930207
0.86914062	-0.50342154
0.86938477	-0.50641672
0.86962891	-0.52397998
0.86987305	-0.49140336
0.87011719	-0.44734555
0.87036133	-0.44764411
0.87060547	-0.38794720
0.87084961	-0.44134043
0.87109375	-0.42605655
0.87133789	-0.45275533
0.87158203	-0.44746579
0.87182617	-0.47274129
0.87207031	-0.48481479
0.87231445	-0.46806192
0.87255859	-0.44230144
0.87280273	-0.44630390
0.87304688	-0.41656213
0.87329102	-0.45375972
0.87353516	-0.39850986
0.87377930	-0.40587802
0.87402344	-0.38106930
0.87426758	-0.41831740
0.87451172	-0.37533091
0.87475586	-0.38890589
0.87500000	-0.32244159
0.87524414	-0.29339071
0.87548828	-0.33124111
0.87573242	-0.29695167
0.87597656	-0.28543588
0.87622070	-0.25719932
0.87646484	-0.25794415
0.87670898	-0.26222770
0.87695312	-0.25395954
0.87719727	-0.21838923
0.87744141	-0.24897835
0.87768555	-0.27728428
0.87792969	-0.35568966
0.87817383	-0.34823014
0.87841797	-0.33145956
0.87866211	-0.36115766
0.87890625	-0.36718399
0.87915039	-0.32763227
0.87939453	-0.34001860
0.87963867	-0.37274520
0.87988281	-0.35595116
0.88012695	-0.33164171
0.88037109	-0.31344686
0.88061523	-0.32630633
0.88085938	-0.31757785
0.88110352	-0.36393171
0.88134766	-0.39783026
0.88159180	-0.38294472
0.88183594	-0.37716763
0.88208008	-0.33984751
0.88232422	-0.31464331
0.88256836	-0.29772208
0.88281250	-0.25282960
0.88305664	-0.26375133
0.88330078	-0.30098329
0.88354492	-0.34369917
0.88378906	-0.33854089
0.88403320	-0.33452369
0.88427734	-0.31840511
0.88452148	-0.34072480
0.88476562	-0.35472793
0.88500977	-0.38851174
0.88525391	-0.40261364
0.88549805	-0.42379333
0.88574219	-0.41557273
0.88598633	-0.43271265
0.88623047	-0.49420033
0.88647461	-0.53049167
0.88671875	-0.49519045
0.88696289	-0.46563875
0.88720703	-0.44901610
0.88745117	-0.43440043
0.88769531	-0.43522078
0.88793945	-0.38857474
0.88818359	-0.36687450
0.88842773	-0.42649159
0.88867188	-0.43284125
0.88891602	-0.41167658
0.88916016	-0.42821830
0.88940430	-0.44366507
0.88964844	-0.44606759
0.88989258	-0.41325662
0.89013672	-0.51105413
0.89038086	-0.48563380
0.89062500	-0.44251448
0.89086914	-0.45609545
0.89111328	-0.45245591
0.89135742	-0.40905998
0.89160156	-0.42704515
0.89184570	-0.45495390
0.89208984	-0.42167714
0.89233398	-0.41016877
0.89257812	-0.40960466
0.89282227	-0.45838568
0.89306641	-0.51491795
0.89331055	-0.56843797
0.89355469	-0.50912883
0.89379883	-0.50963469
0.89404297	-0.50705237
0.89428711	-0.51356809
0.89453125	-0.51950686
0.89477539	-0.49121402
0.89501953	-0.47400641
0.89526367	-0.47667293
0.89550781	-0.48974096
0.89575195	-0.41971115
0.89599609	-0.43834799
0.89624023	-0.43369992
0.89648438	-0.41485178
0.89672852	-0.39640454
0.89697266	-0.37859008
0.89721680	-0.46046721
0.89746094	-0.42766937
0.89770508	-0.42282908
0.89794922	-0.40151687
0.89819336	-0.33111546
0.89843750	-0.29775500
0.89868164	-0.31198546
0.89892578	-0.27273002
0.89916992	-0.25047145
0.89941406	-0.31724277
0.89965820	-0.34676316
0.89990234	-0.38336094
0.90014648	-0.34746304
0.90039062	-0.33745497
0.90063477	-0.37740790
0.90087891	-0.41551938
0.90112305	-0.45464789
0.90136719	-0.45410615
0.90161133	-0.47499326
0.90185547	-0.46657179
0.90209961	-0.49135665
0.90234375	-0.46604768
0.90258789	-0.49365352
0.90283203	-0.50427669
0.90307617	-0.48323169
0.90332031	-0.44988911
0.90356445	-0.41984465
0.90380859	-0.43321540
0.90405273	-0.45483141
0.90429688	-0.51804683
0.90454102	-0.54175319
0.90478516	-0.50710023
0.90502930	-0.50255915
0.90527344	-0.43943001
0.90551758	-0.44031525
0.90576172	-0.50812968
0.90600586	-0.55941903
0.90625000	-0.56092967
0.90649414	-0.55175472
0.90673828	-0.56659789
0.90698242	-0.57334985
0.90722656	-0.61999456
0.90747070	-0.62636786
0.90771484	-0.64302954
0.90795898	-0.60700941
0.90820312	-0.57891107
0.90844727	-0.58662506
0.90869141	-0.56444534
0.90893555	-0.53633584
0.90917969	-0.55887268
0.90942383	-0.54521538
0.90966797	-0.57787988
0.90991211	-0.59644100
0.91015625	-0.55248175
0.91040039	-0.54569400
0.91064453	-0.54722530
0.91088867	-0.54440396
0.91113281	-0.50150005
0.91137695	-0.51777486
0.91162109	-0.50396923
0.91186523	-0.51468848
0.91210938	-0.50649009
0.91235352	-0.53487840
0.91259766	-0.58056672
0.91284180	-0.51179696
0.91308594	-0.53418445
0.91333008	-0.57222834
0.91357422	-0.62578131
0.91381836	-0.60195186
0.91406250	-0.58427193
0.91430664	-0.62832443
0.91455078	-0.60498648
0.91479492	-0.61198772
0.91503906	-0.62676049
0.91528320	-0.62262464
0.91552734	-0.58706307
0.91577148	-0.57115281
0.91601562	-0.52564944
0.91625977	-0.56299412
0.91650391	-0.61658514
0.91674805	-0.64220997
0.91699219	-0.68810950
0.91723633	-0.70349292
0.91748047	-0.70203421
0.91772461	-0.70236278
0.91796875	-0.69942462
0.91821289	-0.65404577
0.91845703	-0.66229757
0.91870117	-0.66066836
0.91894531	-0.68601088
0.91918945	-0.66399388
0.91943359	-0.63495890
0.91967773	-0.60325792
0.91992188	-0.62870012
0.92016602	-0.61249522
0.92041016	-0.60867121
0.92065430	-0.57839615
0.92089844	-0.50425214
0.92114258	-0.51754478
0.92138672	-0.55524050
0.92163086	-0.55147420
0.92187500	-0.58220522
0.92211914	-0.54501991
0.92236328	-0.51262742
0.92260742	-0.52283685
0.92285156	-0.58981983
0.92309570	-0.58986187
0.92333984	-0.57348761
0.92358398	-0.60242565
0.92382812	-0.62871477
0.92407227	-0.63397555
0.92431641	-0.67068602
0.92456055	-0.64913918
0.92480469	-0.70417955
0.92504883	-0.69465427
0.92529297	-0.66035370
0.92553711	-0.60568554
0.92578125	-0.64921134
0.92602539	-0.65386142
0.92626953	-0.66441183
0.92651367	-0.64106284
0.92675781	-0.64907544
0.92700195	-0.62975338
0.92724609	-0.61654172
0.92749023	-0.64541924
0.92773438	-0.62453196
0.92797852	-0.59511879
0.92822266	-0.59597694
0.92846680	-0.56273563
0.92871094	-0.54044936
0.92895508	-0.53505055
0.92919922	-0.56226803
0.92944336	-0.57142797
0.92968750	-0.55713010
0.92993164	-0.51422964
0.93017578	-0.55698991
0.93041992	-0.56195302
0.93066406	-0.56223121
0.93090820	-0.59971503
0.93115234	-0.62065059
0.93139648	-0.61140846
0.93164062	-0.57278525
0.93188477	-0.55201615
0.93212891	-0.53867698
0.93237305	-0.59264304
0.93261719	-0.59887126
0.93286133	-0.65415372
0.93310547	-0.64491590
0.93334961	-0.65505340
0.93359375	-0.65834129
0.93383789	-0.66797920
0.93408203	-0.60132918
0.93432617	-0.59081622
0.93457031	-0.54165988
0.93481445	-0.52341378
0.93505859	-0.57866922
0.93530273	-0.53641890
0.93554688	-0.52908678
0.93579102	-0.49281208
0.93603516	-0.47657759
0.93627930	-0.46265822
0.93652344	-0.42003761
0.93676758	-0.47078717
0.93701172	-0.47148563
0.93725586	-0.45974226
0.93750000	-0.46203740
0.93774414	-0.48275477
0.93798828	-0.48248303
0.93823242	-0.45387543
0.93847656	-0.47056722
0.93872070	-0.47061557
0.93896484	-0.48400704
0.93920898	-0.46862425
0.93945312	-0.46687974
0.93969727	-0.53976362
0.93994141	-0.54057985
0.94018555	-0.51641727
0.94042969	-0.52238005
0.94067383	-0.53463184
0.94091797	-0.57726707
0.94116211	-0.58819172
0.94140625	-0.58372328
0.94165039	-0.57405905
0.94189453	-0.56762503
0.94213867	-0.53830102
0.94238281	-0.52433245
0.94262695	-0.54382904
0.94287109	-0.50334004
0.94311523	-0.46797357
0.94335938	-0.41737168
0.94360352	-0.36029784
0.94384766	-0.33062680
0.94409180	-0.34344650
0.94433594	-0.33918052
0.94458008	-0.36460387
0.94482422	-0.35693261
0.94506836	-0.35504675
0.94531250	-0.37541426
0.94555664	-0.35803215
0.94580078	-0.36849471
0.94604492	-0.33411703
0.94628906	-0.31737866
0.94653320	-0.31970329
0.94677734	-0.32766046
0.94702148	-0.27113403
0.94726562	-0.27390918
0.94750977	-0.26810199
0.94775391	-0.30342538
0.94799805	-0.30811943
0.94824219	-0.26759479
0.94848633	-0.27263354
0.94873047	-0.25701650
0.94897461	-0.26890864
0.94921875	-0.25437846
0.94946289	-0.29990576
0.94970703	-0.32557744
0.94995117	-0.33517956
0.95019531	-0.31815578
0.95043945	-0.34578653
0.95068359	-0.35078201
0.95092773	-0.35823088
0.95117188	-0.33326172
0.95141602	-0.35961515
0.95166016	-0.35402052
0.95190430	-0.35376549
0.95214844	-0.36760935
0.95239258	-0.35688213
0.95263672	-0.38850459
0.95288086	-0.36476770
0.95312500	-0.31189524
0.95336914	-0.36942478
0.95361328	-0.35007586
0.95385742	-0.36366098
0.95410156	-0.35697572
0.95434570	-0.27752840
0.95458984	-0.27932646
0.95483398	-0.30614873
0.95507812	-0.29101556
0.95532227	-0.25465937
0.95556641	-0.30281317
0.95581055	-0.29931286
0.95605469	-0.29725284
0.95629883	-0.25544492
0.95654297	-0.25660145
0.95678711	-0.28731752
0.95703125	-0.31293070
0.95727539	-0.25180685
0.95751953	-0.27211563
0.95776367	-0.32261513
0.95800781	-0.35914793
0.95825195	-0.41049854
0.95849609	-0.40792898
0.95874023	-0.37156787
0.95898438	-0.32108109
0.95922852	-0.31809777
0.95947266	-0.28639141
0.95971680	-0.30353654
0.95996094	-0.27403583
0.96020508	-0.31215549
0.96044922	-0.37324068
0.96069336	-0.34838765
0.96093750	-0.33890519
0.96118164	-0.32467800
0.96142578	-0.26567240
0.96166992	-0.30277888
0.96191406	-0.28786994
0.96215820	-0.24546662
0.96240234	-0.18699904
0.96264648	-0.21224228
0.96289062	-0.21334690
0.96313477	-0.15924499
0.96337891	-0.15573986
0.96362305	-0.18263695
0.96386719	-0.14725667
0.96411133	-0.15603886
0.96435547	-0.17606835
0.96459961	-0.19607535
0.96484375	-0.18845524
0.96508789	-0.17660039
0.96533203	-0.19918665
0.96557617	-0.21884445
0.96582031	-0.21485472
0.96606445	-0.20855214
0.96630859	-0.28241860
0.96655273	-0.26185481
0.96679688	-0.30184638
0.96704102	-0.34227347
0.96728516	-0.38696699
0.96752930	-0.34273719
0.96777344	-0.35136911
0.96801758	-0.35503346
0.96826172	-0.35037114
0.96850586	-0.31144753
0.96875000	-0.27192286
0.96899414	-0.26533514
0.96923828	-0.23109474
0.96948242	-0.23290219
0.96972656	-0.28069680
0.96997070	-0.30104440
0.97021484	-0.27721819
0.97045898	-0.30662365
0.97070312	-0.25609629
0.97094727	-0.32818643
0.97119141	-0.31943861
0.97143555	-0.31366234
0.97167969	-0.31755977
0.97192383	-0.28405276
0.97216797	-0.25389499
0.97241211	-0.27929743
0.97265625	-0.28759957
0.97290039	-0.28139039
0.97314453	-0.28204245
0.97338867	-0.31667566
0.97363281	-0.31539138
0.97387695	-0.27470553
0.97412109	-0.31718575
0.97436523	-0.32321994
0.97460938	-0.25628003
0.97485352	-0.27611826
0.97509766	-0.20157051
0.97534180	-0.17394770
0.97558594	-0.14809387
0.97583008	-0.14036778
0.97607422	-0.16468710
0.97631836	-0.16337086
0.97656250	-0.11303610
0.97680664	-0.16402245
0.97705078	-0.13879552
0.97729492	-0.15174262
0.97753906	-0.07830694
0.97778320	-0.09365005
0.97802734	-0.10658436
0.97827148	-0.08556792
0.97851562	-0.11654839
0.97875977	-0.11167995
0.97900391	-0.08675689
0.97924805	-0.02361098
0.97949219	-0.07078636
0.97973633	-0.00077019
0.97998047	0.03247958
0.98022461	0.06781845
0.98046875	0.06931280
0.98071289	0.11670618
0.98095703	0.16678754
0.98120117	0.17110798
0.98144531	0.17265216
0.98168945	0.18780437
0.98193359	0.17956964
0.98217773	0.20055403
0.98242188	0.19556142
0.98266602	0.23108321
0.98291016	0.27708372
0.98315430	0.28331880
0.98339844	0.29704990
0.98364258	0.27051830
0.98388672	0.24695961
0.98413086	0.24479432
0.98437500	0.24850754
0.98461914	0.22741319
0.98486328	0.27763317
0.98510742	0.26206588
0.98535156	0.30494798
0.98559570	0.29161979
0.98583984	0.29436056
0.98608398	0.29699203
0.98632812	0.30941586
0.98657227	0.28852024
0.98681641	0.26196620
0.98706055	0.26736748
0.98730469	0.24877185
0.98754883	0.21333448
0.98779297	0.24042777
0.98803711	0.21863267
0.98828125	0.23029977
0.98852539	0.23652889
0.98876953	0.26043283
0.98901367	0.30856258
0.98925781	0.32746882
0.98950195	0.34778318
0.98974609	0.32794233
0.98999023	0.33374620
0.99023438	0.31483561
0.99047852	0.29783722
0.99072266	0.33753159
0.99096680	0.32183416
0.99121094	0.32402890
0.99145508	0.31085950
0.99169922	0.35542887
0.99194336	0.40498048
0.99218750	0.42134488
0.99243164	0.42951536
0.99267578	0.47614882
0.99291992	0.51502206
0.99316406	0.57171761
0.99340820	0.59454059
0.99365234	0.63579211
0.99389648	0.63530108
0.99414062	0.61375066
0.99438477	0.60023393
0.99462891	0.60383391
0.99487305	0.61467780
0.99511719	0.58127967
0.99536133	0.56738152
0.99560547	0.60573511
0.99584961	0.58880501
0.99609375	0.53229249
0.99633789	0.55497256
0.99658203	0.53986386
0.99682617	0.56477355
0.99707031	0.54255922
0.99731445	0.55002317
0.99755859	0.55747413
0.99780273	0.53512171
0.99804688	0.58974331
0.99829102	0.60845637
0.99853516	0.61270991
0.99877930	0.59521464
0.99902344	0.59891420
0.99926758	0.61752840
0.99951172	0.65468698
0.99975586	0.64240948
1.00000000	0.63329920
